shape_id,shape_pt_sequence,shape_dist_traveled,shape_pt_lon,shape_pt_lat
RED_0,1,0.0,78.4446642,17.435449
RED_0,2,0.06,78.4443917,17.4359366
RED_0,3,0.12,78.4441152,17.4363782
RED_0,4,0.17,78.4439097,17.4367474
RED_0,5,0.24,78.4436425,17.4373226
RED_0,6,0.37,78.4431536,17.4383904
RED_0,7,0.51,78.4426919,17.4395385
RED_0,8,0.58,78.4424235,17.4400728
RED_0,9,0.65,78.4421819,17.4406481
RED_0,10,0.97,78.440746,17.4431319
RED_0,11,1.08,78.4402897,17.4440504
RED_0,12,1.11,78.4401662,17.4442665
RED_0,13,1.16,78.4399019,17.4446152
RED_0,14,1.21,78.4396672,17.4449612
RED_0,15,1.4,78.4388235,17.4464429
RED_0,16,1.49,78.4383869,17.4471862
RED_0,17,1.58,78.4379772,17.4479245
RED_0,18,1.67,78.4375609,17.4486676
RED_0,19,1.74,78.4372989,17.4492022
RED_0,20,1.81,78.4370891,17.4497534
RED_0,21,1.84,78.4369971,17.4499829
RED_0,22,1.86,78.4369154,17.4501329
RED_0,23,1.92,78.4366464,17.4506092
RED_0,24,1.98,78.4363987,17.4510956
RED_0,25,2.05,78.436134,17.4516296
RED_0,26,2.12,78.4358707,17.4521584
RED_0,27,2.19,78.4355831,17.4526932
RED_0,28,2.26,78.4352982,17.4532318
RED_0,29,2.31,78.4350609,17.4536439
RED_0,30,2.36,78.4348531,17.4540738
RED_0,31,2.38,78.4347692,17.4542508
RED_0,32,2.46,78.4344792,17.4548994
RED_0,33,2.5,78.4343383,17.4552212
RED_0,34,2.54,78.4341987,17.4555455
RED_0,35,2.63,78.4338644,17.4562832
RED_0,36,2.72,78.4335126,17.4570234
RED_0,37,2.8,78.4332228,17.4576918
RED_0,38,2.86,78.4330019,17.4581935
RED_0,39,2.93,78.432708,17.4587369
RED_0,40,3.0,78.4323108,17.4592913
RED_0,41,3.04,78.4321337,17.4595761
RED_0,42,3.08,78.4319579,17.4598648
RED_0,43,3.11,78.4318392,17.4600722
RED_0,44,3.14,78.4317339,17.4602975
RED_0,45,3.3,78.4311282,17.4615956
RED_0,46,3.38,78.430816,17.4622459
RED_0,47,3.46,78.4305092,17.4628911
RED_0,48,3.72,78.429566,17.4650059
RED_0,49,3.78,78.429339,17.4655142
RED_0,50,3.81,78.4292364,17.4657647
RED_0,51,3.85,78.4291247,17.4661548
RED_0,52,3.9,78.4290367,17.4666031
RED_0,53,3.92,78.4289954,17.4667787
RED_0,54,3.95,78.428934,17.4670016
RED_0,55,3.98,78.428838,17.4672729
RED_0,56,4.02,78.4286638,17.4676406
RED_0,57,4.1,78.4283666,17.4682908
RED_0,58,4.18,78.4280534,17.4689474
RED_0,59,4.23,78.4278373,17.4693186
RED_0,60,4.29,78.4275267,17.4697562
RED_0,61,4.35,78.4272174,17.4701797
RED_0,62,4.46,78.4266328,17.4710239
RED_0,63,4.52,78.4263003,17.4714908
RED_0,64,4.66,78.4255511,17.4725668
RED_0,65,5.01,78.42376,17.4752009
RED_0,66,5.07,78.4234361,17.4756423
RED_0,67,5.1,78.4232269,17.4758576
RED_0,68,5.14,78.4229854,17.476083
RED_0,69,5.21,78.4224757,17.4764154
RED_0,70,5.35,78.4213666,17.4771353
RED_0,71,5.38,78.4211542,17.477296
RED_0,72,5.41,78.4209115,17.4774679
RED_0,73,5.64,78.4191996,17.4786958
RED_0,74,5.75,78.4184019,17.4792939
RED_0,75,5.84,78.4177665,17.4798761
RED_0,76,5.93,78.4171694,17.4804365
RED_0,77,6.01,78.4166509,17.4809917
RED_0,78,6.09,78.4161069,17.4815315
RED_0,79,6.12,78.4158666,17.4817278
RED_0,80,6.16,78.415586,17.4819189
RED_0,81,6.32,78.4143126,17.4826536
RED_0,82,6.4,78.4136759,17.4830351
RED_0,83,6.44,78.4133481,17.4832194
RED_0,84,6.48,78.4130526,17.4834114
RED_0,85,6.53,78.4127224,17.4836834
RED_0,86,6.57,78.4124459,17.4839426
RED_0,87,6.66,78.411956,17.4845585
RED_0,88,6.8,78.4111939,17.4856105
RED_0,89,6.92,78.4105665,17.4865168
RED_0,90,6.98,78.4102742,17.4869866
RED_0,91,7.04,78.4099698,17.4874423
RED_0,92,7.12,78.4095558,17.4880615
RED_0,93,7.3,78.4085572,17.4893435
RED_0,94,7.39,78.4080417,17.489973
RED_0,95,7.48,78.4075303,17.4906025
RED_0,96,7.55,78.4071437,17.4910706
RED_0,97,7.57,78.4069906,17.491215
RED_0,98,7.59,78.4068322,17.4913391
RED_0,99,7.65,78.4063673,17.4916111
RED_0,100,7.79,78.4052203,17.4921373
RED_0,101,7.92,78.4040879,17.492689
RED_0,102,8.12,78.4023638,17.4934907
RED_0,103,8.27,78.4011171,17.4940442
RED_0,104,8.42,78.3998657,17.4946137
RED_0,105,8.57,78.3986143,17.4952011
RED_0,106,8.73,78.39729,17.4957949
RED_0,107,9.07,78.394226,17.4966189
RED_0,108,9.12,78.39379,17.4967739
RED_0,109,9.17,78.393354,17.4969989
RED_0,110,9.36,78.39189,17.4979919
RED_0,111,9.4,78.391573,17.4981459
RED_0,112,9.42,78.391399,17.4982169
RED_0,113,9.44,78.391222,17.4982729
RED_0,114,9.49,78.390789,17.4983819
RED_0,115,9.7,78.38883,17.4986479
RED_0,116,10.21,78.384088,17.4992829
RED_0,117,10.33,78.38295,17.4994339
RED_0,118,10.35,78.382787,17.4994479
RED_0,119,10.39,78.382398,17.4994259
RED_0,120,10.44,78.38191,17.4993439
RED_0,121,10.59,78.380592,17.4988829
RED_0,122,10.87,78.378221,17.4977109
RED_0,123,11.0,78.37709,17.4972409
RED_0,124,11.18,78.375391,17.4968959
RED_0,125,11.24,78.374809,17.4967139
RED_0,126,11.29,78.374322,17.4965909
RED_0,127,11.34,78.373836,17.4965349
RED_0,128,11.43,78.373026,17.4965399
RED_1,1,0.0,78.373026,17.4965399
RED_1,2,0.09,78.373836,17.4965349
RED_1,3,0.14,78.374322,17.4965909
RED_1,4,0.19,78.374809,17.4967139
RED_1,5,0.25,78.375391,17.4968959
RED_1,6,0.43,78.37709,17.4972409
RED_1,7,0.56,78.378221,17.4977109
RED_1,8,0.84,78.380592,17.4988829
RED_1,9,0.99,78.38191,17.4993439
RED_1,10,1.04,78.382398,17.4994259
RED_1,11,1.08,78.382787,17.4994479
RED_1,12,1.1,78.38295,17.4994339
RED_1,13,1.22,78.384088,17.4992829
RED_1,14,1.73,78.38883,17.4986479
RED_1,15,1.94,78.390789,17.4983819
RED_1,16,1.99,78.391222,17.4982729
RED_1,17,2.01,78.391399,17.4982169
RED_1,18,2.03,78.391573,17.4981459
RED_1,19,2.07,78.39189,17.4979919
RED_1,20,2.26,78.393354,17.4969989
RED_1,21,2.31,78.39379,17.4967739
RED_1,22,2.36,78.394226,17.4966189
RED_1,23,2.7,78.39729,17.4957949
RED_1,24,2.86,78.3986143,17.4952011
RED_1,25,3.01,78.3998657,17.4946137
RED_1,26,3.16,78.4011171,17.4940442
RED_1,27,3.31,78.4023638,17.4934907
RED_1,28,3.51,78.4040879,17.492689
RED_1,29,3.64,78.4052203,17.4921373
RED_1,30,3.78,78.4063673,17.4916111
RED_1,31,3.84,78.4068322,17.4913391
RED_1,32,3.86,78.4069906,17.491215
RED_1,33,3.88,78.4071437,17.4910706
RED_1,34,3.95,78.4075303,17.4906025
RED_1,35,4.04,78.4080417,17.489973
RED_1,36,4.13,78.4085572,17.4893435
RED_1,37,4.31,78.4095558,17.4880615
RED_1,38,4.39,78.4099698,17.4874423
RED_1,39,4.45,78.4102742,17.4869866
RED_1,40,4.51,78.4105665,17.4865168
RED_1,41,4.63,78.4111939,17.4856105
RED_1,42,4.77,78.411956,17.4845585
RED_1,43,4.86,78.4124459,17.4839426
RED_1,44,4.9,78.4127224,17.4836834
RED_1,45,4.95,78.4130526,17.4834114
RED_1,46,4.99,78.4133481,17.4832194
RED_1,47,5.03,78.4136759,17.4830351
RED_1,48,5.11,78.4143126,17.4826536
RED_1,49,5.27,78.415586,17.4819189
RED_1,50,5.31,78.4158666,17.4817278
RED_1,51,5.34,78.4161069,17.4815315
RED_1,52,5.42,78.4166509,17.4809917
RED_1,53,5.5,78.4171694,17.4804365
RED_1,54,5.59,78.4177665,17.4798761
RED_1,55,5.68,78.4184019,17.4792939
RED_1,56,5.79,78.4191996,17.4786958
RED_1,57,6.02,78.4209115,17.4774679
RED_1,58,6.05,78.4211542,17.477296
RED_1,59,6.08,78.4213666,17.4771353
RED_1,60,6.22,78.4224757,17.4764154
RED_1,61,6.29,78.4229854,17.476083
RED_1,62,6.33,78.4232269,17.4758576
RED_1,63,6.36,78.4234361,17.4756423
RED_1,64,6.42,78.42376,17.4752009
RED_1,65,6.77,78.4255511,17.4725668
RED_1,66,6.91,78.4263003,17.4714908
RED_1,67,6.97,78.4266328,17.4710239
RED_1,68,7.08,78.4272174,17.4701797
RED_1,69,7.14,78.4275267,17.4697562
RED_1,70,7.2,78.4278373,17.4693186
RED_1,71,7.25,78.4280534,17.4689474
RED_1,72,7.33,78.4283666,17.4682908
RED_1,73,7.41,78.4286638,17.4676406
RED_1,74,7.45,78.428838,17.4672729
RED_1,75,7.48,78.428934,17.4670016
RED_1,76,7.51,78.4289954,17.4667787
RED_1,77,7.53,78.4290367,17.4666031
RED_1,78,7.58,78.4291247,17.4661548
RED_1,79,7.62,78.4292364,17.4657647
RED_1,80,7.65,78.429339,17.4655142
RED_1,81,7.71,78.429566,17.4650059
RED_1,82,7.97,78.4305092,17.4628911
RED_1,83,8.05,78.430816,17.4622459
RED_1,84,8.13,78.4311282,17.4615956
RED_1,85,8.29,78.4317339,17.4602975
RED_1,86,8.32,78.4318392,17.4600722
RED_1,87,8.35,78.4319579,17.4598648
RED_1,88,8.39,78.4321337,17.4595761
RED_1,89,8.43,78.4323108,17.4592913
RED_1,90,8.5,78.432708,17.4587369
RED_1,91,8.57,78.4330019,17.4581935
RED_1,92,8.63,78.4332228,17.4576918
RED_1,93,8.71,78.4335126,17.4570234
RED_1,94,8.8,78.4338644,17.4562832
RED_1,95,8.89,78.4341987,17.4555455
RED_1,96,8.93,78.4343383,17.4552212
RED_1,97,8.97,78.4344792,17.4548994
RED_1,98,9.05,78.4347692,17.4542508
RED_1,99,9.07,78.4348531,17.4540738
RED_1,100,9.12,78.4350609,17.4536439
RED_1,101,9.17,78.4352982,17.4532318
RED_1,102,9.24,78.4355831,17.4526932
RED_1,103,9.31,78.4358707,17.4521584
RED_1,104,9.38,78.436134,17.4516296
RED_1,105,9.45,78.4363987,17.4510956
RED_1,106,9.51,78.4366464,17.4506092
RED_1,107,9.57,78.4369154,17.4501329
RED_1,108,9.59,78.4369971,17.4499829
RED_1,109,9.62,78.4370891,17.4497534
RED_1,110,9.69,78.4372989,17.4492022
RED_1,111,9.76,78.4375609,17.4486676
RED_1,112,9.85,78.4379772,17.4479245
RED_1,113,9.94,78.4383869,17.4471862
RED_1,114,10.03,78.4388235,17.4464429
RED_1,115,10.22,78.4396672,17.4449612
RED_1,116,10.27,78.4399019,17.4446152
RED_1,117,10.32,78.4401662,17.4442665
RED_1,118,10.35,78.4402897,17.4440504
RED_1,119,10.46,78.440746,17.4431319
RED_1,120,10.78,78.4421819,17.4406481
RED_1,121,10.85,78.4424235,17.4400728
RED_1,122,10.92,78.4426919,17.4395385
RED_1,123,11.06,78.4431536,17.4383904
RED_1,124,11.19,78.4436425,17.4373226
RED_1,125,11.26,78.4439097,17.4367474
RED_1,126,11.31,78.4441152,17.4363782
RED_1,127,11.37,78.4443917,17.4359366
RED_1,128,11.43,78.4446642,17.435449
BLU_0,1,0.0,78.4444144,17.4356613
BLU_0,2,0.1,78.4448853,17.4348761
BLU_0,3,0.14,78.4450993,17.4345501
BLU_0,4,0.16,78.4452266,17.4344085
BLU_0,5,0.18,78.4453538,17.4343257
BLU_0,6,0.21,78.4456298,17.4341984
BLU_0,7,0.24,78.4458952,17.4341371
BLU_0,8,0.27,78.4462035,17.4341321
BLU_0,9,0.29,78.4463913,17.4341641
BLU_0,10,0.33,78.4467373,17.4342857
BLU_0,11,0.36,78.4470122,17.4343497
BLU_0,12,0.39,78.447271,17.434383
BLU_0,13,0.45,78.4477984,17.4344294
BLU_0,14,0.5,78.4482426,17.434472
BLU_0,15,0.57,78.4488977,17.4345492
BLU_0,16,0.6,78.4492225,17.4345916
BLU_0,17,0.63,78.4495447,17.434657
BLU_0,18,0.73,78.4504253,17.4348851
BLU_0,19,0.8,78.4511001,17.4349878
BLU_0,20,0.81,78.4512332,17.4350212
BLU_0,21,0.82,78.4513542,17.4350618
BLU_0,22,0.83,78.4514592,17.4351204
BLU_0,23,0.84,78.4515655,17.4351841
BLU_0,24,0.85,78.4516637,17.4352554
BLU_0,25,0.86,78.4517635,17.4353375
BLU_0,26,0.87,78.4518445,17.4354298
BLU_0,27,0.9,78.4520212,17.4356631
BLU_0,28,0.92,78.4521605,17.4357752
BLU_0,29,0.94,78.4523092,17.4358592
BLU_0,30,0.95,78.4524231,17.4359188
BLU_0,31,0.96,78.4525423,17.4359709
BLU_0,32,0.97,78.4526701,17.4360077
BLU_0,33,0.99,78.4528126,17.4360279
BLU_0,34,1.01,78.4529946,17.4360223
BLU_0,35,1.03,78.4532004,17.4359838
BLU_0,36,1.05,78.4534116,17.4359209
BLU_0,37,1.12,78.4540061,17.4357035
BLU_0,38,1.2,78.454744,17.4354258
BLU_0,39,1.22,78.4548902,17.4353911
BLU_0,40,1.23,78.4550204,17.4353819
BLU_0,41,1.25,78.4551888,17.4353965
BLU_0,42,1.27,78.4553518,17.4354265
BLU_0,43,1.29,78.455559,17.4355012
BLU_0,44,1.31,78.4557448,17.435599
BLU_0,45,1.33,78.4559117,17.4357425
BLU_0,46,1.35,78.4560098,17.4358399
BLU_0,47,1.36,78.4560597,17.4359091
BLU_0,48,1.43,78.456364,17.4364341
BLU_0,49,1.52,78.4567178,17.4371242
BLU_0,50,1.57,78.4569295,17.4375648
BLU_0,51,1.63,78.4571403,17.4380205
BLU_0,52,1.68,78.457284,17.438466
BLU_0,53,2.04,78.45811,17.441631
BLU_0,54,2.08,78.458254,17.441948
BLU_0,55,2.45,78.460982,17.444051
BLU_0,56,2.56,78.461888,17.44444
BLU_0,57,2.67,78.462828,17.444739
BLU_0,58,2.73,78.463397,17.444886
BLU_0,59,2.81,78.464137,17.445046
BLU_0,60,2.86,78.464604,17.445073
BLU_0,61,2.91,78.465045,17.445038
BLU_0,62,3.02,78.466059,17.444878
BLU_0,63,3.09,78.466748,17.444756
BLU_0,64,3.14,78.467182,17.444759
BLU_0,65,3.53,78.470853,17.444241
BLU_0,66,3.75,78.472923,17.444225
BLU_0,67,4.09,78.476053,17.443602
BLU_0,68,4.42,78.479147,17.443455
BLU_0,69,4.46,78.479498,17.44345
BLU_0,70,4.58,78.480634,17.443453
BLU_0,71,4.71,78.4818604,17.4434224
BLU_0,72,4.75,78.4822242,17.4434148
BLU_0,73,4.78,78.4825048,17.4434277
BLU_0,74,4.85,78.4831336,17.4434806
BLU_0,75,4.88,78.4834274,17.4434967
BLU_0,76,4.91,78.483706,17.4434941
BLU_0,77,5.09,78.4853684,17.4434612
BLU_0,78,5.26,78.4869993,17.4434411
BLU_0,79,5.39,78.4882336,17.4434533
BLU_0,80,5.51,78.4893738,17.4434262
BLU_0,81,5.64,78.4905864,17.4433888
BLU_0,82,6.15,78.495433,17.443246
BLU_0,83,6.37,78.497472,17.443192
BLU_0,84,6.66,78.500186,17.443041
BLU_0,85,6.69,78.500465,17.443013
BLU_0,86,6.72,78.500712,17.442967
BLU_0,87,6.79,78.501385,17.442831
BLU_0,88,6.83,78.501713,17.442796
BLU_0,89,6.87,78.502057,17.442781
BLU_0,90,7.03,78.503519,17.442764
BLU_0,91,7.05,78.503752,17.442748
BLU_0,92,7.08,78.503985,17.442709
BLU_0,93,7.1,78.504181,17.442656
BLU_0,94,7.13,78.504422,17.442569
BLU_0,95,7.16,78.504697,17.442405
BLU_0,96,7.19,78.504943,17.442244
BLU_0,97,7.22,78.505136,17.44208
BLU_0,98,7.25,78.505288,17.441892
BLU_0,99,7.27,78.505365,17.441726
BLU_0,100,7.29,78.505408,17.441596
BLU_0,101,7.31,78.505455,17.44141
BLU_0,102,7.33,78.505484,17.441228
BLU_0,103,7.35,78.505471,17.441015
BLU_0,104,7.39,78.505388,17.440639
BLU_0,105,7.66,78.504752,17.438286
BLU_0,106,7.68,78.504715,17.438093
BLU_0,107,7.7,78.504709,17.437914
BLU_0,108,7.72,78.504731,17.43772
BLU_0,109,7.74,78.504791,17.437505
BLU_0,110,7.8,78.505012,17.437026
BLU_0,111,7.83,78.50512,17.436778
BLU_0,112,7.88,78.505246,17.436356
BLU_0,113,7.95,78.505433,17.435711
BLU_0,114,8.04,78.5055941,17.4349406
BLU_0,115,8.07,78.5056747,17.4346382
BLU_0,116,8.11,78.505769,17.4342576
BLU_0,117,8.16,78.5058891,17.4338544
BLU_0,118,8.18,78.5059909,17.4336886
BLU_0,119,8.21,78.5062145,17.4334668
BLU_0,120,8.23,78.5063671,17.4333515
BLU_0,121,8.25,78.506581,17.4332696
BLU_0,122,8.27,78.5067932,17.433217
BLU_0,123,8.29,78.507013,17.4332034
BLU_0,124,8.36,78.5076274,17.4332561
BLU_0,125,8.51,78.50907,17.433353
BLU_0,126,8.56,78.5095529,17.4333836
BLU_0,127,8.59,78.5098587,17.4334321
BLU_0,128,8.62,78.510143,17.4335165
BLU_0,129,8.67,78.5105427,17.4336675
BLU_0,130,8.72,78.5109746,17.4339131
BLU_0,131,8.81,78.5117334,17.4343495
BLU_0,132,8.85,78.5121128,17.4345216
BLU_0,133,8.9,78.5125941,17.434686
BLU_0,134,9.0,78.5135007,17.4350033
BLU_0,135,9.14,78.5146518,17.4355589
BLU_0,136,9.2,78.5151138,17.4358358
BLU_0,137,9.3,78.5158866,17.4363658
BLU_0,138,9.37,78.5164313,17.4367382
BLU_0,139,9.4,78.5166728,17.4368727
BLU_0,140,9.43,78.5169294,17.4369631
BLU_0,141,9.45,78.517135,17.4369972
BLU_0,142,9.47,78.5173371,17.4370052
BLU_0,143,9.49,78.5175534,17.4369913
BLU_0,144,9.52,78.5178396,17.4369108
BLU_0,145,9.55,78.5180848,17.4367715
BLU_0,146,9.58,78.5183026,17.4366148
BLU_0,147,9.61,78.5185258,17.4364172
BLU_0,148,9.77,78.519646,17.4354489
BLU_0,149,9.92,78.5206845,17.4345513
BLU_0,150,10.07,78.52168,17.433628
BLU_0,151,10.22,78.5227443,17.4327207
BLU_0,152,10.37,78.5237951,17.4318365
BLU_0,153,10.55,78.525075,17.4307248
BLU_0,154,10.6,78.5254158,17.4304107
BLU_0,155,10.7,78.5260657,17.4297816
BLU_0,156,10.79,78.5266496,17.4292539
BLU_0,157,10.84,78.5270028,17.4289693
BLU_0,158,10.88,78.5273311,17.4287878
BLU_0,159,11.07,78.5289406,17.4280609
BLU_0,160,11.13,78.5294153,17.4278295
BLU_0,161,11.16,78.5296768,17.4276524
BLU_0,162,11.2,78.529992,17.427419
BLU_0,163,11.26,78.5304539,17.4270556
BLU_0,164,11.4,78.5314289,17.4262432
BLU_0,165,11.45,78.5318056,17.4259861
BLU_0,166,11.51,78.5323185,17.4257066
BLU_0,167,11.6,78.5331184,17.4253605
BLU_0,168,11.65,78.5335334,17.4252232
BLU_0,169,11.71,78.5340664,17.4250945
BLU_0,170,11.8,78.5348788,17.4249478
BLU_0,171,11.84,78.5352541,17.4248821
BLU_0,172,11.88,78.535608,17.4247678
BLU_0,173,11.92,78.5359365,17.4246067
BLU_0,174,11.96,78.5362669,17.4243649
BLU_0,175,12.07,78.5369454,17.4236598
BLU_0,176,12.17,78.5375387,17.4229572
BLU_0,177,12.22,78.5378503,17.4225898
BLU_0,178,12.26,78.5381027,17.4223539
BLU_0,179,12.36,78.5388331,17.4218073
BLU_0,180,12.46,78.5395556,17.4212964
BLU_0,181,12.49,78.5397633,17.4211429
BLU_0,182,12.52,78.5399442,17.4209688
BLU_0,183,12.58,78.54029,17.4205198
BLU_0,184,12.65,78.5406779,17.4199819
BLU_0,185,12.7,78.5409371,17.419618
BLU_0,186,12.75,78.5412315,17.419259
BLU_0,187,12.8,78.5415715,17.4189292
BLU_0,188,12.85,78.5419383,17.4186121
BLU_0,189,12.94,78.5425617,17.4180521
BLU_0,190,13.03,78.5431825,17.417505
BLU_0,191,13.15,78.5440508,17.4167682
BLU_0,192,13.28,78.544946,17.4160213
BLU_0,193,13.44,78.5460763,17.4150406
BLU_0,194,13.6,78.5471645,17.4140577
BLU_0,195,13.92,78.5493766,17.4120586
BLU_0,196,14.24,78.5515865,17.410071
BLU_0,197,14.4,78.5526879,17.4090608
BLU_0,198,14.47,78.5531739,17.4086019
BLU_0,199,14.5,78.5533428,17.4084198
BLU_0,200,14.56,78.5536998,17.4080143
BLU_0,201,14.9,78.5557742,17.4056478
BLU_0,202,15.25,78.5579425,17.4032838
BLU_0,203,15.28,78.5581784,17.4030663
BLU_0,204,15.3,78.558358,17.402923
BLU_0,205,15.33,78.5586055,17.4027698
BLU_0,206,15.39,78.5591413,17.4025185
BLU_0,207,15.43,78.5594826,17.4023268
BLU_0,208,15.47,78.5597294,17.4021167
BLU_0,209,15.49,78.559869,17.4019526
BLU_0,210,15.53,78.5600594,17.4016397
BLU_0,211,15.56,78.5601645,17.4013686
BLU_0,212,15.6,78.5602303,17.4010213
BLU_0,213,15.64,78.5602183,17.400637
BLU_0,214,15.68,78.5602163,17.4002843
BLU_0,215,15.78,78.5601747,17.3994153
BLU_0,216,15.84,78.5601178,17.3988695
BLU_0,217,15.87,78.5600883,17.3986217
BLU_0,218,15.93,78.5599724,17.3980691
BLU_0,219,16.07,78.5595967,17.3968857
BLU_0,220,16.14,78.5594076,17.3963004
BLU_0,221,16.18,78.5592996,17.395977
BLU_0,222,16.21,78.5592613,17.395715
BLU_0,223,16.26,78.5591752,17.3952868
BLU_0,224,16.31,78.5591306,17.3948432
BLU_0,225,16.47,78.5590042,17.3934445
BLU_0,226,16.62,78.55891,17.3920611
BLU_0,227,16.76,78.5588273,17.3908029
BLU_1,1,0.0,78.5588273,17.3908029
BLU_1,2,0.14,78.55891,17.3920611
BLU_1,3,0.29,78.5590042,17.3934445
BLU_1,4,0.45,78.5591306,17.3948432
BLU_1,5,0.5,78.5591752,17.3952868
BLU_1,6,0.55,78.5592613,17.395715
BLU_1,7,0.58,78.5592996,17.395977
BLU_1,8,0.62,78.5594076,17.3963004
BLU_1,9,0.69,78.5595967,17.3968857
BLU_1,10,0.83,78.5599724,17.3980691
BLU_1,11,0.89,78.5600883,17.3986217
BLU_1,12,0.92,78.5601178,17.3988695
BLU_1,13,0.98,78.5601747,17.3994153
BLU_1,14,1.08,78.5602163,17.4002843
BLU_1,15,1.12,78.5602183,17.400637
BLU_1,16,1.16,78.5602303,17.4010213
BLU_1,17,1.2,78.5601645,17.4013686
BLU_1,18,1.23,78.5600594,17.4016397
BLU_1,19,1.27,78.559869,17.4019526
BLU_1,20,1.29,78.5597294,17.4021167
BLU_1,21,1.33,78.5594826,17.4023268
BLU_1,22,1.37,78.5591413,17.4025185
BLU_1,23,1.43,78.5586055,17.4027698
BLU_1,24,1.46,78.558358,17.402923
BLU_1,25,1.48,78.5581784,17.4030663
BLU_1,26,1.51,78.5579425,17.4032838
BLU_1,27,1.86,78.5557742,17.4056478
BLU_1,28,2.2,78.5536998,17.4080143
BLU_1,29,2.26,78.5533428,17.4084198
BLU_1,30,2.29,78.5531739,17.4086019
BLU_1,31,2.36,78.5526879,17.4090608
BLU_1,32,2.52,78.5515865,17.410071
BLU_1,33,2.84,78.5493766,17.4120586
BLU_1,34,3.16,78.5471645,17.4140577
BLU_1,35,3.32,78.5460763,17.4150406
BLU_1,36,3.48,78.544946,17.4160213
BLU_1,37,3.61,78.5440508,17.4167682
BLU_1,38,3.73,78.5431825,17.417505
BLU_1,39,3.82,78.5425617,17.4180521
BLU_1,40,3.91,78.5419383,17.4186121
BLU_1,41,3.96,78.5415715,17.4189292
BLU_1,42,4.01,78.5412315,17.419259
BLU_1,43,4.06,78.5409371,17.419618
BLU_1,44,4.11,78.5406779,17.4199819
BLU_1,45,4.18,78.54029,17.4205198
BLU_1,46,4.24,78.5399442,17.4209688
BLU_1,47,4.27,78.5397633,17.4211429
BLU_1,48,4.3,78.5395556,17.4212964
BLU_1,49,4.4,78.5388331,17.4218073
BLU_1,50,4.5,78.5381027,17.4223539
BLU_1,51,4.54,78.5378503,17.4225898
BLU_1,52,4.59,78.5375387,17.4229572
BLU_1,53,4.69,78.5369454,17.4236598
BLU_1,54,4.8,78.5362669,17.4243649
BLU_1,55,4.84,78.5359365,17.4246067
BLU_1,56,4.88,78.535608,17.4247678
BLU_1,57,4.92,78.5352541,17.4248821
BLU_1,58,4.96,78.5348788,17.4249478
BLU_1,59,5.05,78.5340664,17.4250945
BLU_1,60,5.11,78.5335334,17.4252232
BLU_1,61,5.16,78.5331184,17.4253605
BLU_1,62,5.25,78.5323185,17.4257066
BLU_1,63,5.31,78.5318056,17.4259861
BLU_1,64,5.36,78.5314289,17.4262432
BLU_1,65,5.5,78.5304539,17.4270556
BLU_1,66,5.56,78.529992,17.427419
BLU_1,67,5.6,78.5296768,17.4276524
BLU_1,68,5.63,78.5294153,17.4278295
BLU_1,69,5.69,78.5289406,17.4280609
BLU_1,70,5.88,78.5273311,17.4287878
BLU_1,71,5.92,78.5270028,17.4289693
BLU_1,72,5.97,78.5266496,17.4292539
BLU_1,73,6.06,78.5260657,17.4297816
BLU_1,74,6.16,78.5254158,17.4304107
BLU_1,75,6.21,78.525075,17.4307248
BLU_1,76,6.39,78.5237951,17.4318365
BLU_1,77,6.54,78.5227443,17.4327207
BLU_1,78,6.69,78.52168,17.433628
BLU_1,79,6.84,78.5206845,17.4345513
BLU_1,80,6.99,78.519646,17.4354489
BLU_1,81,7.15,78.5185258,17.4364172
BLU_1,82,7.18,78.5183026,17.4366148
BLU_1,83,7.21,78.5180848,17.4367715
BLU_1,84,7.24,78.5178396,17.4369108
BLU_1,85,7.27,78.5175534,17.4369913
BLU_1,86,7.29,78.5173371,17.4370052
BLU_1,87,7.31,78.517135,17.4369972
BLU_1,88,7.33,78.5169294,17.4369631
BLU_1,89,7.36,78.5166728,17.4368727
BLU_1,90,7.39,78.5164313,17.4367382
BLU_1,91,7.46,78.5158866,17.4363658
BLU_1,92,7.56,78.5151138,17.4358358
BLU_1,93,7.62,78.5146518,17.4355589
BLU_1,94,7.76,78.5135007,17.4350033
BLU_1,95,7.86,78.5125941,17.434686
BLU_1,96,7.91,78.5121128,17.4345216
BLU_1,97,7.95,78.5117334,17.4343495
BLU_1,98,8.04,78.5109746,17.4339131
BLU_1,99,8.09,78.5105427,17.4336675
BLU_1,100,8.14,78.510143,17.4335165
BLU_1,101,8.17,78.5098587,17.4334321
BLU_1,102,8.2,78.5095529,17.4333836
BLU_1,103,8.25,78.50907,17.433353
BLU_1,104,8.4,78.5076274,17.4332561
BLU_1,105,8.47,78.507013,17.4332034
BLU_1,106,8.49,78.5067932,17.433217
BLU_1,107,8.51,78.506581,17.4332696
BLU_1,108,8.53,78.5063671,17.4333515
BLU_1,109,8.55,78.5062145,17.4334668
BLU_1,110,8.58,78.5059909,17.4336886
BLU_1,111,8.6,78.5058891,17.4338544
BLU_1,112,8.65,78.505769,17.4342576
BLU_1,113,8.69,78.5056747,17.4346382
BLU_1,114,8.72,78.5055941,17.4349406
BLU_1,115,8.81,78.505433,17.435711
BLU_1,116,8.88,78.505246,17.436356
BLU_1,117,8.93,78.50512,17.436778
BLU_1,118,8.96,78.505012,17.437026
BLU_1,119,9.02,78.504791,17.437505
BLU_1,120,9.04,78.504731,17.43772
BLU_1,121,9.06,78.504709,17.437914
BLU_1,122,9.08,78.504715,17.438093
BLU_1,123,9.1,78.504752,17.438286
BLU_1,124,9.37,78.505388,17.440639
BLU_1,125,9.41,78.505471,17.441015
BLU_1,126,9.43,78.505484,17.441228
BLU_1,127,9.45,78.505455,17.44141
BLU_1,128,9.47,78.505408,17.441596
BLU_1,129,9.49,78.505365,17.441726
BLU_1,130,9.51,78.505288,17.441892
BLU_1,131,9.54,78.505136,17.44208
BLU_1,132,9.57,78.504943,17.442244
BLU_1,133,9.6,78.504697,17.442405
BLU_1,134,9.63,78.504422,17.442569
BLU_1,135,9.66,78.504181,17.442656
BLU_1,136,9.68,78.503985,17.442709
BLU_1,137,9.71,78.503752,17.442748
BLU_1,138,9.73,78.503519,17.442764
BLU_1,139,9.89,78.502057,17.442781
BLU_1,140,9.93,78.501713,17.442796
BLU_1,141,9.97,78.501385,17.442831
BLU_1,142,10.04,78.500712,17.442967
BLU_1,143,10.07,78.500465,17.443013
BLU_1,144,10.1,78.500186,17.443041
BLU_1,145,10.39,78.497472,17.443192
BLU_1,146,10.61,78.495433,17.443246
BLU_1,147,11.12,78.4905864,17.4433888
BLU_1,148,11.25,78.4893738,17.4434262
BLU_1,149,11.37,78.4882336,17.4434533
BLU_1,150,11.5,78.4869993,17.4434411
BLU_1,151,11.67,78.4853684,17.4434612
BLU_1,152,11.85,78.483706,17.4434941
BLU_1,153,11.88,78.4834274,17.4434967
BLU_1,154,11.91,78.4831336,17.4434806
BLU_1,155,11.98,78.4825048,17.4434277
BLU_1,156,12.01,78.4822242,17.4434148
BLU_1,157,12.05,78.4818604,17.4434224
BLU_1,158,12.18,78.480634,17.443453
BLU_1,159,12.3,78.479498,17.44345
BLU_1,160,12.34,78.479147,17.443455
BLU_1,161,12.67,78.476053,17.443602
BLU_1,162,13.01,78.472923,17.444225
BLU_1,163,13.23,78.470853,17.444241
BLU_1,164,13.62,78.467182,17.444759
BLU_1,165,13.67,78.466748,17.444756
BLU_1,166,13.74,78.466059,17.444878
BLU_1,167,13.85,78.465045,17.445038
BLU_1,168,13.9,78.464604,17.445073
BLU_1,169,13.95,78.464137,17.445046
BLU_1,170,14.03,78.463397,17.444886
BLU_1,171,14.09,78.462828,17.444739
BLU_1,172,14.2,78.461888,17.44444
BLU_1,173,14.31,78.460982,17.444051
BLU_1,174,14.68,78.458254,17.441948
BLU_1,175,14.72,78.45811,17.441631
BLU_1,176,15.08,78.457284,17.438466
BLU_1,177,15.13,78.4571403,17.4380205
BLU_1,178,15.19,78.4569295,17.4375648
BLU_1,179,15.24,78.4567178,17.4371242
BLU_1,180,15.33,78.456364,17.4364341
BLU_1,181,15.4,78.4560597,17.4359091
BLU_1,182,15.41,78.4560098,17.4358399
BLU_1,183,15.43,78.4559117,17.4357425
BLU_1,184,15.45,78.4557448,17.435599
BLU_1,185,15.47,78.455559,17.4355012
BLU_1,186,15.49,78.4553518,17.4354265
BLU_1,187,15.51,78.4551888,17.4353965
BLU_1,188,15.53,78.4550204,17.4353819
BLU_1,189,15.54,78.4548902,17.4353911
BLU_1,190,15.56,78.454744,17.4354258
BLU_1,191,15.64,78.4540061,17.4357035
BLU_1,192,15.71,78.4534116,17.4359209
BLU_1,193,15.73,78.4532004,17.4359838
BLU_1,194,15.75,78.4529946,17.4360223
BLU_1,195,15.77,78.4528126,17.4360279
BLU_1,196,15.79,78.4526701,17.4360077
BLU_1,197,15.8,78.4525423,17.4359709
BLU_1,198,15.81,78.4524231,17.4359188
BLU_1,199,15.82,78.4523092,17.4358592
BLU_1,200,15.84,78.4521605,17.4357752
BLU_1,201,15.86,78.4520212,17.4356631
BLU_1,202,15.89,78.4518445,17.4354298
BLU_1,203,15.9,78.4517635,17.4353375
BLU_1,204,15.91,78.4516637,17.4352554
BLU_1,205,15.92,78.4515655,17.4351841
BLU_1,206,15.93,78.4514592,17.4351204
BLU_1,207,15.94,78.4513542,17.4350618
BLU_1,208,15.95,78.4512332,17.4350212
BLU_1,209,15.96,78.4511001,17.4349878
BLU_1,210,16.03,78.4504253,17.4348851
BLU_1,211,16.13,78.4495447,17.434657
BLU_1,212,16.16,78.4492225,17.4345916
BLU_1,213,16.19,78.4488977,17.4345492
BLU_1,214,16.26,78.4482426,17.434472
BLU_1,215,16.31,78.4477984,17.4344294
BLU_1,216,16.37,78.447271,17.434383
BLU_1,217,16.4,78.4470122,17.4343497
BLU_1,218,16.43,78.4467373,17.4342857
BLU_1,219,16.47,78.4463913,17.4341641
BLU_1,220,16.49,78.4462035,17.4341321
BLU_1,221,16.52,78.4458952,17.4341371
BLU_1,222,16.55,78.4456298,17.4341984
BLU_1,223,16.58,78.4453538,17.4343257
BLU_1,224,16.6,78.4452266,17.4344085
BLU_1,225,16.62,78.4450993,17.4345501
BLU_1,226,16.66,78.4448853,17.4348761
BLU_1,227,16.76,78.4444144,17.4356613
