shape_id,shape_pt_lon,shape_pt_sequence,shape_pt_lat,shape_dist_traveled
RED_0,78.4446642,1,17.435449,0.0
RED_0,78.4443917,2,17.4359366,0.06
RED_0,78.4441152,3,17.4363782,0.12
RED_0,78.4439097,4,17.4367474,0.17
RED_0,78.4436425,5,17.4373226,0.24
RED_0,78.4431536,6,17.4383904,0.37
RED_0,78.4426919,7,17.4395385,0.51
RED_0,78.4424235,8,17.4400728,0.58
RED_0,78.4421819,9,17.4406481,0.65
RED_0,78.440746,10,17.4431319,0.97
RED_0,78.4402897,11,17.4440504,1.08
RED_0,78.4401662,12,17.4442665,1.11
RED_0,78.4399019,13,17.4446152,1.16
RED_0,78.4396672,14,17.4449612,1.21
RED_0,78.4388235,15,17.4464429,1.4
RED_0,78.4383869,16,17.4471862,1.49
RED_0,78.4379772,17,17.4479245,1.58
RED_0,78.4375609,18,17.4486676,1.67
RED_0,78.4372989,19,17.4492022,1.74
RED_0,78.4370891,20,17.4497534,1.81
RED_0,78.4369971,21,17.4499829,1.84
RED_0,78.4369154,22,17.4501329,1.86
RED_0,78.4366464,23,17.4506092,1.92
RED_0,78.4363987,24,17.4510956,1.98
RED_0,78.436134,25,17.4516296,2.05
RED_0,78.4358707,26,17.4521584,2.12
RED_0,78.4355831,27,17.4526932,2.19
RED_0,78.4352982,28,17.4532318,2.26
RED_0,78.4350609,29,17.4536439,2.31
RED_0,78.4348531,30,17.4540738,2.36
RED_0,78.4347692,31,17.4542508,2.38
RED_0,78.4344792,32,17.4548994,2.46
RED_0,78.4343383,33,17.4552212,2.5
RED_0,78.4341987,34,17.4555455,2.54
RED_0,78.4338644,35,17.4562832,2.63
RED_0,78.4335126,36,17.4570234,2.72
RED_0,78.4332228,37,17.4576918,2.8
RED_0,78.4330019,38,17.4581935,2.86
RED_0,78.432708,39,17.4587369,2.93
RED_0,78.4323108,40,17.4592913,3.0
RED_0,78.4321337,41,17.4595761,3.04
RED_0,78.4319579,42,17.4598648,3.08
RED_0,78.4318392,43,17.4600722,3.11
RED_0,78.4317339,44,17.4602975,3.14
RED_0,78.4311282,45,17.4615956,3.3
RED_0,78.430816,46,17.4622459,3.38
RED_0,78.4305092,47,17.4628911,3.46
RED_0,78.429566,48,17.4650059,3.72
RED_0,78.429339,49,17.4655142,3.78
RED_0,78.4292364,50,17.4657647,3.81
RED_0,78.4291247,51,17.4661548,3.85
RED_0,78.4290367,52,17.4666031,3.9
RED_0,78.4289954,53,17.4667787,3.92
RED_0,78.428934,54,17.4670016,3.95
RED_0,78.428838,55,17.4672729,3.98
RED_0,78.4286638,56,17.4676406,4.02
RED_0,78.4283666,57,17.4682908,4.1
RED_0,78.4280534,58,17.4689474,4.18
RED_0,78.4278373,59,17.4693186,4.23
RED_0,78.4275267,60,17.4697562,4.29
RED_0,78.4272174,61,17.4701797,4.35
RED_0,78.4266328,62,17.4710239,4.46
RED_0,78.4263003,63,17.4714908,4.52
RED_0,78.4255511,64,17.4725668,4.66
RED_0,78.42376,65,17.4752009,5.01
RED_0,78.4234361,66,17.4756423,5.07
RED_0,78.4232269,67,17.4758576,5.1
RED_0,78.4229854,68,17.476083,5.14
RED_0,78.4224757,69,17.4764154,5.21
RED_0,78.4213666,70,17.4771353,5.35
RED_0,78.4211542,71,17.477296,5.38
RED_0,78.4209115,72,17.4774679,5.41
RED_0,78.4191996,73,17.4786958,5.64
RED_0,78.4184019,74,17.4792939,5.75
RED_0,78.4177665,75,17.4798761,5.84
RED_0,78.4171694,76,17.4804365,5.93
RED_0,78.4166509,77,17.4809917,6.01
RED_0,78.4161069,78,17.4815315,6.09
RED_0,78.4158666,79,17.4817278,6.12
RED_0,78.415586,80,17.4819189,6.16
RED_0,78.4143126,81,17.4826536,6.32
RED_0,78.4136759,82,17.4830351,6.4
RED_0,78.4133481,83,17.4832194,6.44
RED_0,78.4130526,84,17.4834114,6.48
RED_0,78.4127224,85,17.4836834,6.53
RED_0,78.4124459,86,17.4839426,6.57
RED_0,78.411956,87,17.4845585,6.66
RED_0,78.4111939,88,17.4856105,6.8
RED_0,78.4105665,89,17.4865168,6.92
RED_0,78.4102742,90,17.4869866,6.98
RED_0,78.4099698,91,17.4874423,7.04
RED_0,78.4095558,92,17.4880615,7.12
RED_0,78.4085572,93,17.4893435,7.3
RED_0,78.4080417,94,17.489973,7.39
RED_0,78.4075303,95,17.4906025,7.48
RED_0,78.4071437,96,17.4910706,7.55
RED_0,78.4069906,97,17.491215,7.57
RED_0,78.4068322,98,17.4913391,7.59
RED_0,78.4063673,99,17.4916111,7.65
RED_0,78.4052203,100,17.4921373,7.79
RED_0,78.4040879,101,17.492689,7.92
RED_0,78.4023638,102,17.4934907,8.12
RED_0,78.4011171,103,17.4940442,8.27
RED_0,78.3998657,104,17.4946137,8.42
RED_0,78.3986143,105,17.4952011,8.57
RED_0,78.39729,106,17.4957949,8.73
RED_0,78.394226,107,17.4966189,9.07
RED_0,78.39379,108,17.4967739,9.12
RED_0,78.393354,109,17.4969989,9.17
RED_0,78.39189,110,17.4979919,9.36
RED_0,78.391573,111,17.4981459,9.4
RED_0,78.391399,112,17.4982169,9.42
RED_0,78.391222,113,17.4982729,9.44
RED_0,78.390789,114,17.4983819,9.49
RED_0,78.38883,115,17.4986479,9.7
RED_0,78.384088,116,17.4992829,10.21
RED_0,78.38295,117,17.4994339,10.33
RED_0,78.382787,118,17.4994479,10.35
RED_0,78.382398,119,17.4994259,10.39
RED_0,78.38191,120,17.4993439,10.44
RED_0,78.380592,121,17.4988829,10.59
RED_0,78.378221,122,17.4977109,10.87
RED_0,78.37709,123,17.4972409,11.0
RED_0,78.375391,124,17.4968959,11.18
RED_0,78.374809,125,17.4967139,11.24
RED_0,78.374322,126,17.4965909,11.29
RED_0,78.373836,127,17.4965349,11.34
RED_0,78.373026,128,17.4965399,11.43
RED_1,78.373026,1,17.4965399,0.0
RED_1,78.373836,2,17.4965349,0.09
RED_1,78.374322,3,17.4965909,0.14
RED_1,78.374809,4,17.4967139,0.19
RED_1,78.375391,5,17.4968959,0.25
RED_1,78.37709,6,17.4972409,0.43
RED_1,78.378221,7,17.4977109,0.56
RED_1,78.380592,8,17.4988829,0.84
RED_1,78.38191,9,17.4993439,0.99
RED_1,78.382398,10,17.4994259,1.04
RED_1,78.382787,11,17.4994479,1.08
RED_1,78.38295,12,17.4994339,1.1
RED_1,78.384088,13,17.4992829,1.22
RED_1,78.38883,14,17.4986479,1.73
RED_1,78.390789,15,17.4983819,1.94
RED_1,78.391222,16,17.4982729,1.99
RED_1,78.391399,17,17.4982169,2.01
RED_1,78.391573,18,17.4981459,2.03
RED_1,78.39189,19,17.4979919,2.07
RED_1,78.393354,20,17.4969989,2.26
RED_1,78.39379,21,17.4967739,2.31
RED_1,78.394226,22,17.4966189,2.36
RED_1,78.39729,23,17.4957949,2.7
RED_1,78.3986143,24,17.4952011,2.86
RED_1,78.3998657,25,17.4946137,3.01
RED_1,78.4011171,26,17.4940442,3.16
RED_1,78.4023638,27,17.4934907,3.31
RED_1,78.4040879,28,17.492689,3.51
RED_1,78.4052203,29,17.4921373,3.64
RED_1,78.4063673,30,17.4916111,3.78
RED_1,78.4068322,31,17.4913391,3.84
RED_1,78.4069906,32,17.491215,3.86
RED_1,78.4071437,33,17.4910706,3.88
RED_1,78.4075303,34,17.4906025,3.95
RED_1,78.4080417,35,17.489973,4.04
RED_1,78.4085572,36,17.4893435,4.13
RED_1,78.4095558,37,17.4880615,4.31
RED_1,78.4099698,38,17.4874423,4.39
RED_1,78.4102742,39,17.4869866,4.45
RED_1,78.4105665,40,17.4865168,4.51
RED_1,78.4111939,41,17.4856105,4.63
RED_1,78.411956,42,17.4845585,4.77
RED_1,78.4124459,43,17.4839426,4.86
RED_1,78.4127224,44,17.4836834,4.9
RED_1,78.4130526,45,17.4834114,4.95
RED_1,78.4133481,46,17.4832194,4.99
RED_1,78.4136759,47,17.4830351,5.03
RED_1,78.4143126,48,17.4826536,5.11
RED_1,78.415586,49,17.4819189,5.27
RED_1,78.4158666,50,17.4817278,5.31
RED_1,78.4161069,51,17.4815315,5.34
RED_1,78.4166509,52,17.4809917,5.42
RED_1,78.4171694,53,17.4804365,5.5
RED_1,78.4177665,54,17.4798761,5.59
RED_1,78.4184019,55,17.4792939,5.68
RED_1,78.4191996,56,17.4786958,5.79
RED_1,78.4209115,57,17.4774679,6.02
RED_1,78.4211542,58,17.477296,6.05
RED_1,78.4213666,59,17.4771353,6.08
RED_1,78.4224757,60,17.4764154,6.22
RED_1,78.4229854,61,17.476083,6.29
RED_1,78.4232269,62,17.4758576,6.33
RED_1,78.4234361,63,17.4756423,6.36
RED_1,78.42376,64,17.4752009,6.42
RED_1,78.4255511,65,17.4725668,6.77
RED_1,78.4263003,66,17.4714908,6.91
RED_1,78.4266328,67,17.4710239,6.97
RED_1,78.4272174,68,17.4701797,7.08
RED_1,78.4275267,69,17.4697562,7.14
RED_1,78.4278373,70,17.4693186,7.2
RED_1,78.4280534,71,17.4689474,7.25
RED_1,78.4283666,72,17.4682908,7.33
RED_1,78.4286638,73,17.4676406,7.41
RED_1,78.428838,74,17.4672729,7.45
RED_1,78.428934,75,17.4670016,7.48
RED_1,78.4289954,76,17.4667787,7.51
RED_1,78.4290367,77,17.4666031,7.53
RED_1,78.4291247,78,17.4661548,7.58
RED_1,78.4292364,79,17.4657647,7.62
RED_1,78.429339,80,17.4655142,7.65
RED_1,78.429566,81,17.4650059,7.71
RED_1,78.4305092,82,17.4628911,7.97
RED_1,78.430816,83,17.4622459,8.05
RED_1,78.4311282,84,17.4615956,8.13
RED_1,78.4317339,85,17.4602975,8.29
RED_1,78.4318392,86,17.4600722,8.32
RED_1,78.4319579,87,17.4598648,8.35
RED_1,78.4321337,88,17.4595761,8.39
RED_1,78.4323108,89,17.4592913,8.43
RED_1,78.432708,90,17.4587369,8.5
RED_1,78.4330019,91,17.4581935,8.57
RED_1,78.4332228,92,17.4576918,8.63
RED_1,78.4335126,93,17.4570234,8.71
RED_1,78.4338644,94,17.4562832,8.8
RED_1,78.4341987,95,17.4555455,8.89
RED_1,78.4343383,96,17.4552212,8.93
RED_1,78.4344792,97,17.4548994,8.97
RED_1,78.4347692,98,17.4542508,9.05
RED_1,78.4348531,99,17.4540738,9.07
RED_1,78.4350609,100,17.4536439,9.12
RED_1,78.4352982,101,17.4532318,9.17
RED_1,78.4355831,102,17.4526932,9.24
RED_1,78.4358707,103,17.4521584,9.31
RED_1,78.436134,104,17.4516296,9.38
RED_1,78.4363987,105,17.4510956,9.45
RED_1,78.4366464,106,17.4506092,9.51
RED_1,78.4369154,107,17.4501329,9.57
RED_1,78.4369971,108,17.4499829,9.59
RED_1,78.4370891,109,17.4497534,9.62
RED_1,78.4372989,110,17.4492022,9.69
RED_1,78.4375609,111,17.4486676,9.76
RED_1,78.4379772,112,17.4479245,9.85
RED_1,78.4383869,113,17.4471862,9.94
RED_1,78.4388235,114,17.4464429,10.03
RED_1,78.4396672,115,17.4449612,10.22
RED_1,78.4399019,116,17.4446152,10.27
RED_1,78.4401662,117,17.4442665,10.32
RED_1,78.4402897,118,17.4440504,10.35
RED_1,78.440746,119,17.4431319,10.46
RED_1,78.4421819,120,17.4406481,10.78
RED_1,78.4424235,121,17.4400728,10.85
RED_1,78.4426919,122,17.4395385,10.92
RED_1,78.4431536,123,17.4383904,11.06
RED_1,78.4436425,124,17.4373226,11.19
RED_1,78.4439097,125,17.4367474,11.26
RED_1,78.4441152,126,17.4363782,11.31
RED_1,78.4443917,127,17.4359366,11.37
RED_1,78.4446642,128,17.435449,11.43
BLU_0,78.4444144,1,17.4356613,0.0
BLU_0,78.4448853,2,17.4348761,0.1
BLU_0,78.4450993,3,17.4345501,0.14
BLU_0,78.4452266,4,17.4344085,0.16
BLU_0,78.4453538,5,17.4343257,0.18
BLU_0,78.4456298,6,17.4341984,0.21
BLU_0,78.4458952,7,17.4341371,0.24
BLU_0,78.4462035,8,17.4341321,0.27
BLU_0,78.4463913,9,17.4341641,0.29
BLU_0,78.4467373,10,17.4342857,0.33
BLU_0,78.4470122,11,17.4343497,0.36
BLU_0,78.447271,12,17.434383,0.39
BLU_0,78.4477984,13,17.4344294,0.45
BLU_0,78.4482426,14,17.434472,0.5
BLU_0,78.4488977,15,17.4345492,0.57
BLU_0,78.4492225,16,17.4345916,0.6
BLU_0,78.4495447,17,17.434657,0.63
BLU_0,78.4504253,18,17.4348851,0.73
BLU_0,78.4511001,19,17.4349878,0.8
BLU_0,78.4512332,20,17.4350212,0.81
BLU_0,78.4513542,21,17.4350618,0.82
BLU_0,78.4514592,22,17.4351204,0.83
BLU_0,78.4515655,23,17.4351841,0.84
BLU_0,78.4516637,24,17.4352554,0.85
BLU_0,78.4517635,25,17.4353375,0.86
BLU_0,78.4518445,26,17.4354298,0.87
BLU_0,78.4520212,27,17.4356631,0.9
BLU_0,78.4521605,28,17.4357752,0.92
BLU_0,78.4523092,29,17.4358592,0.94
BLU_0,78.4524231,30,17.4359188,0.95
BLU_0,78.4525423,31,17.4359709,0.96
BLU_0,78.4526701,32,17.4360077,0.97
BLU_0,78.4528126,33,17.4360279,0.99
BLU_0,78.4529946,34,17.4360223,1.01
BLU_0,78.4532004,35,17.4359838,1.03
BLU_0,78.4534116,36,17.4359209,1.05
BLU_0,78.4540061,37,17.4357035,1.12
BLU_0,78.454744,38,17.4354258,1.2
BLU_0,78.4548902,39,17.4353911,1.22
BLU_0,78.4550204,40,17.4353819,1.23
BLU_0,78.4551888,41,17.4353965,1.25
BLU_0,78.4553518,42,17.4354265,1.27
BLU_0,78.455559,43,17.4355012,1.29
BLU_0,78.4557448,44,17.435599,1.31
BLU_0,78.4559117,45,17.4357425,1.33
BLU_0,78.4560098,46,17.4358399,1.35
BLU_0,78.4560597,47,17.4359091,1.36
BLU_0,78.456364,48,17.4364341,1.43
BLU_0,78.4567178,49,17.4371242,1.52
BLU_0,78.4569295,50,17.4375648,1.57
BLU_0,78.4571403,51,17.4380205,1.63
BLU_0,78.457284,52,17.438466,1.68
BLU_0,78.45811,53,17.441631,2.04
BLU_0,78.458254,54,17.441948,2.08
BLU_0,78.460982,55,17.444051,2.45
BLU_0,78.461888,56,17.44444,2.56
BLU_0,78.462828,57,17.444739,2.67
BLU_0,78.463397,58,17.444886,2.73
BLU_0,78.464137,59,17.445046,2.81
BLU_0,78.464604,60,17.445073,2.86
BLU_0,78.465045,61,17.445038,2.91
BLU_0,78.466059,62,17.444878,3.02
BLU_0,78.466748,63,17.444756,3.09
BLU_0,78.467182,64,17.444759,3.14
BLU_0,78.470853,65,17.444241,3.53
BLU_0,78.472923,66,17.444225,3.75
BLU_0,78.476053,67,17.443602,4.09
BLU_0,78.479147,68,17.443455,4.42
BLU_0,78.479498,69,17.44345,4.46
BLU_0,78.480634,70,17.443453,4.58
BLU_0,78.4818604,71,17.4434224,4.71
BLU_0,78.4822242,72,17.4434148,4.75
BLU_0,78.4825048,73,17.4434277,4.78
BLU_0,78.4831336,74,17.4434806,4.85
BLU_0,78.4834274,75,17.4434967,4.88
BLU_0,78.483706,76,17.4434941,4.91
BLU_0,78.4853684,77,17.4434612,5.09
BLU_0,78.4869993,78,17.4434411,5.26
BLU_0,78.4882336,79,17.4434533,5.39
BLU_0,78.4893738,80,17.4434262,5.51
BLU_0,78.4905864,81,17.4433888,5.64
BLU_0,78.495433,82,17.443246,6.15
BLU_0,78.497472,83,17.443192,6.37
BLU_0,78.500186,84,17.443041,6.66
BLU_0,78.500465,85,17.443013,6.69
BLU_0,78.500712,86,17.442967,6.72
BLU_0,78.501385,87,17.442831,6.79
BLU_0,78.501713,88,17.442796,6.83
BLU_0,78.502057,89,17.442781,6.87
BLU_0,78.503519,90,17.442764,7.03
BLU_0,78.503752,91,17.442748,7.05
BLU_0,78.503985,92,17.442709,7.08
BLU_0,78.504181,93,17.442656,7.1
BLU_0,78.504422,94,17.442569,7.13
BLU_0,78.504697,95,17.442405,7.16
BLU_0,78.504943,96,17.442244,7.19
BLU_0,78.505136,97,17.44208,7.22
BLU_0,78.505288,98,17.441892,7.25
BLU_0,78.505365,99,17.441726,7.27
BLU_0,78.505408,100,17.441596,7.29
BLU_0,78.505455,101,17.44141,7.31
BLU_0,78.505484,102,17.441228,7.33
BLU_0,78.505471,103,17.441015,7.35
BLU_0,78.505388,104,17.440639,7.39
BLU_0,78.504752,105,17.438286,7.66
BLU_0,78.504715,106,17.438093,7.68
BLU_0,78.504709,107,17.437914,7.7
BLU_0,78.504731,108,17.43772,7.72
BLU_0,78.504791,109,17.437505,7.74
BLU_0,78.505012,110,17.437026,7.8
BLU_0,78.50512,111,17.436778,7.83
BLU_0,78.505246,112,17.436356,7.88
BLU_0,78.505433,113,17.435711,7.95
BLU_0,78.5055941,114,17.4349406,8.04
BLU_0,78.5056747,115,17.4346382,8.07
BLU_0,78.505769,116,17.4342576,8.11
BLU_0,78.5058891,117,17.4338544,8.16
BLU_0,78.5059909,118,17.4336886,8.18
BLU_0,78.5062145,119,17.4334668,8.21
BLU_0,78.5063671,120,17.4333515,8.23
BLU_0,78.506581,121,17.4332696,8.25
BLU_0,78.5067932,122,17.433217,8.27
BLU_0,78.507013,123,17.4332034,8.29
BLU_0,78.5076274,124,17.4332561,8.36
BLU_0,78.50907,125,17.433353,8.51
BLU_0,78.5095529,126,17.4333836,8.56
BLU_0,78.5098587,127,17.4334321,8.59
BLU_0,78.510143,128,17.4335165,8.62
BLU_0,78.5105427,129,17.4336675,8.67
BLU_0,78.5109746,130,17.4339131,8.72
BLU_0,78.5117334,131,17.4343495,8.81
BLU_0,78.5121128,132,17.4345216,8.85
BLU_0,78.5125941,133,17.434686,8.9
BLU_0,78.5135007,134,17.4350033,9.0
BLU_0,78.5146518,135,17.4355589,9.14
BLU_0,78.5151138,136,17.4358358,9.2
BLU_0,78.5158866,137,17.4363658,9.3
BLU_0,78.5164313,138,17.4367382,9.37
BLU_0,78.5166728,139,17.4368727,9.4
BLU_0,78.5169294,140,17.4369631,9.43
BLU_0,78.517135,141,17.4369972,9.45
BLU_0,78.5173371,142,17.4370052,9.47
BLU_0,78.5175534,143,17.4369913,9.49
BLU_0,78.5178396,144,17.4369108,9.52
BLU_0,78.5180848,145,17.4367715,9.55
BLU_0,78.5183026,146,17.4366148,9.58
BLU_0,78.5185258,147,17.4364172,9.61
BLU_0,78.519646,148,17.4354489,9.77
BLU_0,78.5206845,149,17.4345513,9.92
BLU_0,78.52168,150,17.433628,10.07
BLU_0,78.5227443,151,17.4327207,10.22
BLU_0,78.5237951,152,17.4318365,10.37
BLU_0,78.525075,153,17.4307248,10.55
BLU_0,78.5254158,154,17.4304107,10.6
BLU_0,78.5260657,155,17.4297816,10.7
BLU_0,78.5266496,156,17.4292539,10.79
BLU_0,78.5270028,157,17.4289693,10.84
BLU_0,78.5273311,158,17.4287878,10.88
BLU_0,78.5289406,159,17.4280609,11.07
BLU_0,78.5294153,160,17.4278295,11.13
BLU_0,78.5296768,161,17.4276524,11.16
BLU_0,78.529992,162,17.427419,11.2
BLU_0,78.5304539,163,17.4270556,11.26
BLU_0,78.5314289,164,17.4262432,11.4
BLU_0,78.5318056,165,17.4259861,11.45
BLU_0,78.5323185,166,17.4257066,11.51
BLU_0,78.5331184,167,17.4253605,11.6
BLU_0,78.5335334,168,17.4252232,11.65
BLU_0,78.5340664,169,17.4250945,11.71
BLU_0,78.5348788,170,17.4249478,11.8
BLU_0,78.5352541,171,17.4248821,11.84
BLU_0,78.535608,172,17.4247678,11.88
BLU_0,78.5359365,173,17.4246067,11.92
BLU_0,78.5362669,174,17.4243649,11.96
BLU_0,78.5369454,175,17.4236598,12.07
BLU_0,78.5375387,176,17.4229572,12.17
BLU_0,78.5378503,177,17.4225898,12.22
BLU_0,78.5381027,178,17.4223539,12.26
BLU_0,78.5388331,179,17.4218073,12.36
BLU_0,78.5395556,180,17.4212964,12.46
BLU_0,78.5397633,181,17.4211429,12.49
BLU_0,78.5399442,182,17.4209688,12.52
BLU_0,78.54029,183,17.4205198,12.58
BLU_0,78.5406779,184,17.4199819,12.65
BLU_0,78.5409371,185,17.419618,12.7
BLU_0,78.5412315,186,17.419259,12.75
BLU_0,78.5415715,187,17.4189292,12.8
BLU_0,78.5419383,188,17.4186121,12.85
BLU_0,78.5425617,189,17.4180521,12.94
BLU_0,78.5431825,190,17.417505,13.03
BLU_0,78.5440508,191,17.4167682,13.15
BLU_0,78.544946,192,17.4160213,13.28
BLU_0,78.5460763,193,17.4150406,13.44
BLU_0,78.5471645,194,17.4140577,13.6
BLU_0,78.5493766,195,17.4120586,13.92
BLU_0,78.5515865,196,17.410071,14.24
BLU_0,78.5526879,197,17.4090608,14.4
BLU_0,78.5531739,198,17.4086019,14.47
BLU_0,78.5533428,199,17.4084198,14.5
BLU_0,78.5536998,200,17.4080143,14.56
BLU_0,78.5557742,201,17.4056478,14.9
BLU_0,78.5579425,202,17.4032838,15.25
BLU_0,78.5581784,203,17.4030663,15.28
BLU_0,78.558358,204,17.402923,15.3
BLU_0,78.5586055,205,17.4027698,15.33
BLU_0,78.5591413,206,17.4025185,15.39
BLU_0,78.5594826,207,17.4023268,15.43
BLU_0,78.5597294,208,17.4021167,15.47
BLU_0,78.559869,209,17.4019526,15.49
BLU_0,78.5600594,210,17.4016397,15.53
BLU_0,78.5601645,211,17.4013686,15.56
BLU_0,78.5602303,212,17.4010213,15.6
BLU_0,78.5602183,213,17.400637,15.64
BLU_0,78.5602163,214,17.4002843,15.68
BLU_0,78.5601747,215,17.3994153,15.78
BLU_0,78.5601178,216,17.3988695,15.84
BLU_0,78.5600883,217,17.3986217,15.87
BLU_0,78.5599724,218,17.3980691,15.93
BLU_0,78.5595967,219,17.3968857,16.07
BLU_0,78.5594076,220,17.3963004,16.14
BLU_0,78.5592996,221,17.395977,16.18
BLU_0,78.5592613,222,17.395715,16.21
BLU_0,78.5591752,223,17.3952868,16.26
BLU_0,78.5591306,224,17.3948432,16.31
BLU_0,78.5590042,225,17.3934445,16.47
BLU_0,78.55891,226,17.3920611,16.62
BLU_0,78.5588273,227,17.3908029,16.76
BLU_1,78.5588273,1,17.3908029,0.0
BLU_1,78.55891,2,17.3920611,0.14
BLU_1,78.5590042,3,17.3934445,0.29
BLU_1,78.5591306,4,17.3948432,0.45
BLU_1,78.5591752,5,17.3952868,0.5
BLU_1,78.5592613,6,17.395715,0.55
BLU_1,78.5592996,7,17.395977,0.58
BLU_1,78.5594076,8,17.3963004,0.62
BLU_1,78.5595967,9,17.3968857,0.69
BLU_1,78.5599724,10,17.3980691,0.83
BLU_1,78.5600883,11,17.3986217,0.89
BLU_1,78.5601178,12,17.3988695,0.92
BLU_1,78.5601747,13,17.3994153,0.98
BLU_1,78.5602163,14,17.4002843,1.08
BLU_1,78.5602183,15,17.400637,1.12
BLU_1,78.5602303,16,17.4010213,1.16
BLU_1,78.5601645,17,17.4013686,1.2
BLU_1,78.5600594,18,17.4016397,1.23
BLU_1,78.559869,19,17.4019526,1.27
BLU_1,78.5597294,20,17.4021167,1.29
BLU_1,78.5594826,21,17.4023268,1.33
BLU_1,78.5591413,22,17.4025185,1.37
BLU_1,78.5586055,23,17.4027698,1.43
BLU_1,78.558358,24,17.402923,1.46
BLU_1,78.5581784,25,17.4030663,1.48
BLU_1,78.5579425,26,17.4032838,1.51
BLU_1,78.5557742,27,17.4056478,1.86
BLU_1,78.5536998,28,17.4080143,2.2
BLU_1,78.5533428,29,17.4084198,2.26
BLU_1,78.5531739,30,17.4086019,2.29
BLU_1,78.5526879,31,17.4090608,2.36
BLU_1,78.5515865,32,17.410071,2.52
BLU_1,78.5493766,33,17.4120586,2.84
BLU_1,78.5471645,34,17.4140577,3.16
BLU_1,78.5460763,35,17.4150406,3.32
BLU_1,78.544946,36,17.4160213,3.48
BLU_1,78.5440508,37,17.4167682,3.61
BLU_1,78.5431825,38,17.417505,3.73
BLU_1,78.5425617,39,17.4180521,3.82
BLU_1,78.5419383,40,17.4186121,3.91
BLU_1,78.5415715,41,17.4189292,3.96
BLU_1,78.5412315,42,17.419259,4.01
BLU_1,78.5409371,43,17.419618,4.06
BLU_1,78.5406779,44,17.4199819,4.11
BLU_1,78.54029,45,17.4205198,4.18
BLU_1,78.5399442,46,17.4209688,4.24
BLU_1,78.5397633,47,17.4211429,4.27
BLU_1,78.5395556,48,17.4212964,4.3
BLU_1,78.5388331,49,17.4218073,4.4
BLU_1,78.5381027,50,17.4223539,4.5
BLU_1,78.5378503,51,17.4225898,4.54
BLU_1,78.5375387,52,17.4229572,4.59
BLU_1,78.5369454,53,17.4236598,4.69
BLU_1,78.5362669,54,17.4243649,4.8
BLU_1,78.5359365,55,17.4246067,4.84
BLU_1,78.535608,56,17.4247678,4.88
BLU_1,78.5352541,57,17.4248821,4.92
BLU_1,78.5348788,58,17.4249478,4.96
BLU_1,78.5340664,59,17.4250945,5.05
BLU_1,78.5335334,60,17.4252232,5.11
BLU_1,78.5331184,61,17.4253605,5.16
BLU_1,78.5323185,62,17.4257066,5.25
BLU_1,78.5318056,63,17.4259861,5.31
BLU_1,78.5314289,64,17.4262432,5.36
BLU_1,78.5304539,65,17.4270556,5.5
BLU_1,78.529992,66,17.427419,5.56
BLU_1,78.5296768,67,17.4276524,5.6
BLU_1,78.5294153,68,17.4278295,5.63
BLU_1,78.5289406,69,17.4280609,5.69
BLU_1,78.5273311,70,17.4287878,5.88
BLU_1,78.5270028,71,17.4289693,5.92
BLU_1,78.5266496,72,17.4292539,5.97
BLU_1,78.5260657,73,17.4297816,6.06
BLU_1,78.5254158,74,17.4304107,6.16
BLU_1,78.525075,75,17.4307248,6.21
BLU_1,78.5237951,76,17.4318365,6.39
BLU_1,78.5227443,77,17.4327207,6.54
BLU_1,78.52168,78,17.433628,6.69
BLU_1,78.5206845,79,17.4345513,6.84
BLU_1,78.519646,80,17.4354489,6.99
BLU_1,78.5185258,81,17.4364172,7.15
BLU_1,78.5183026,82,17.4366148,7.18
BLU_1,78.5180848,83,17.4367715,7.21
BLU_1,78.5178396,84,17.4369108,7.24
BLU_1,78.5175534,85,17.4369913,7.27
BLU_1,78.5173371,86,17.4370052,7.29
BLU_1,78.517135,87,17.4369972,7.31
BLU_1,78.5169294,88,17.4369631,7.33
BLU_1,78.5166728,89,17.4368727,7.36
BLU_1,78.5164313,90,17.4367382,7.39
BLU_1,78.5158866,91,17.4363658,7.46
BLU_1,78.5151138,92,17.4358358,7.56
BLU_1,78.5146518,93,17.4355589,7.62
BLU_1,78.5135007,94,17.4350033,7.76
BLU_1,78.5125941,95,17.434686,7.86
BLU_1,78.5121128,96,17.4345216,7.91
BLU_1,78.5117334,97,17.4343495,7.95
BLU_1,78.5109746,98,17.4339131,8.04
BLU_1,78.5105427,99,17.4336675,8.09
BLU_1,78.510143,100,17.4335165,8.14
BLU_1,78.5098587,101,17.4334321,8.17
BLU_1,78.5095529,102,17.4333836,8.2
BLU_1,78.50907,103,17.433353,8.25
BLU_1,78.5076274,104,17.4332561,8.4
BLU_1,78.507013,105,17.4332034,8.47
BLU_1,78.5067932,106,17.433217,8.49
BLU_1,78.506581,107,17.4332696,8.51
BLU_1,78.5063671,108,17.4333515,8.53
BLU_1,78.5062145,109,17.4334668,8.55
BLU_1,78.5059909,110,17.4336886,8.58
BLU_1,78.5058891,111,17.4338544,8.6
BLU_1,78.505769,112,17.4342576,8.65
BLU_1,78.5056747,113,17.4346382,8.69
BLU_1,78.5055941,114,17.4349406,8.72
BLU_1,78.505433,115,17.435711,8.81
BLU_1,78.505246,116,17.436356,8.88
BLU_1,78.50512,117,17.436778,8.93
BLU_1,78.505012,118,17.437026,8.96
BLU_1,78.504791,119,17.437505,9.02
BLU_1,78.504731,120,17.43772,9.04
BLU_1,78.504709,121,17.437914,9.06
BLU_1,78.504715,122,17.438093,9.08
BLU_1,78.504752,123,17.438286,9.1
BLU_1,78.505388,124,17.440639,9.37
BLU_1,78.505471,125,17.441015,9.41
BLU_1,78.505484,126,17.441228,9.43
BLU_1,78.505455,127,17.44141,9.45
BLU_1,78.505408,128,17.441596,9.47
BLU_1,78.505365,129,17.441726,9.49
BLU_1,78.505288,130,17.441892,9.51
BLU_1,78.505136,131,17.44208,9.54
BLU_1,78.504943,132,17.442244,9.57
BLU_1,78.504697,133,17.442405,9.6
BLU_1,78.504422,134,17.442569,9.63
BLU_1,78.504181,135,17.442656,9.66
BLU_1,78.503985,136,17.442709,9.68
BLU_1,78.503752,137,17.442748,9.71
BLU_1,78.503519,138,17.442764,9.73
BLU_1,78.502057,139,17.442781,9.89
BLU_1,78.501713,140,17.442796,9.93
BLU_1,78.501385,141,17.442831,9.97
BLU_1,78.500712,142,17.442967,10.04
BLU_1,78.500465,143,17.443013,10.07
BLU_1,78.500186,144,17.443041,10.1
BLU_1,78.497472,145,17.443192,10.39
BLU_1,78.495433,146,17.443246,10.61
BLU_1,78.4905864,147,17.4433888,11.12
BLU_1,78.4893738,148,17.4434262,11.25
BLU_1,78.4882336,149,17.4434533,11.37
BLU_1,78.4869993,150,17.4434411,11.5
BLU_1,78.4853684,151,17.4434612,11.67
BLU_1,78.483706,152,17.4434941,11.85
BLU_1,78.4834274,153,17.4434967,11.88
BLU_1,78.4831336,154,17.4434806,11.91
BLU_1,78.4825048,155,17.4434277,11.98
BLU_1,78.4822242,156,17.4434148,12.01
BLU_1,78.4818604,157,17.4434224,12.05
BLU_1,78.480634,158,17.443453,12.18
BLU_1,78.479498,159,17.44345,12.3
BLU_1,78.479147,160,17.443455,12.34
BLU_1,78.476053,161,17.443602,12.67
BLU_1,78.472923,162,17.444225,13.01
BLU_1,78.470853,163,17.444241,13.23
BLU_1,78.467182,164,17.444759,13.62
BLU_1,78.466748,165,17.444756,13.67
BLU_1,78.466059,166,17.444878,13.74
BLU_1,78.465045,167,17.445038,13.85
BLU_1,78.464604,168,17.445073,13.9
BLU_1,78.464137,169,17.445046,13.95
BLU_1,78.463397,170,17.444886,14.03
BLU_1,78.462828,171,17.444739,14.09
BLU_1,78.461888,172,17.44444,14.2
BLU_1,78.460982,173,17.444051,14.31
BLU_1,78.458254,174,17.441948,14.68
BLU_1,78.45811,175,17.441631,14.72
BLU_1,78.457284,176,17.438466,15.08
BLU_1,78.4571403,177,17.4380205,15.13
BLU_1,78.4569295,178,17.4375648,15.19
BLU_1,78.4567178,179,17.4371242,15.24
BLU_1,78.456364,180,17.4364341,15.33
BLU_1,78.4560597,181,17.4359091,15.4
BLU_1,78.4560098,182,17.4358399,15.41
BLU_1,78.4559117,183,17.4357425,15.43
BLU_1,78.4557448,184,17.435599,15.45
BLU_1,78.455559,185,17.4355012,15.47
BLU_1,78.4553518,186,17.4354265,15.49
BLU_1,78.4551888,187,17.4353965,15.51
BLU_1,78.4550204,188,17.4353819,15.53
BLU_1,78.4548902,189,17.4353911,15.54
BLU_1,78.454744,190,17.4354258,15.56
BLU_1,78.4540061,191,17.4357035,15.64
BLU_1,78.4534116,192,17.4359209,15.71
BLU_1,78.4532004,193,17.4359838,15.73
BLU_1,78.4529946,194,17.4360223,15.75
BLU_1,78.4528126,195,17.4360279,15.77
BLU_1,78.4526701,196,17.4360077,15.79
BLU_1,78.4525423,197,17.4359709,15.8
BLU_1,78.4524231,198,17.4359188,15.81
BLU_1,78.4523092,199,17.4358592,15.82
BLU_1,78.4521605,200,17.4357752,15.84
BLU_1,78.4520212,201,17.4356631,15.86
BLU_1,78.4518445,202,17.4354298,15.89
BLU_1,78.4517635,203,17.4353375,15.9
BLU_1,78.4516637,204,17.4352554,15.91
BLU_1,78.4515655,205,17.4351841,15.92
BLU_1,78.4514592,206,17.4351204,15.93
BLU_1,78.4513542,207,17.4350618,15.94
BLU_1,78.4512332,208,17.4350212,15.95
BLU_1,78.4511001,209,17.4349878,15.96
BLU_1,78.4504253,210,17.4348851,16.03
BLU_1,78.4495447,211,17.434657,16.13
BLU_1,78.4492225,212,17.4345916,16.16
BLU_1,78.4488977,213,17.4345492,16.19
BLU_1,78.4482426,214,17.434472,16.26
BLU_1,78.4477984,215,17.4344294,16.31
BLU_1,78.447271,216,17.434383,16.37
BLU_1,78.4470122,217,17.4343497,16.4
BLU_1,78.4467373,218,17.4342857,16.43
BLU_1,78.4463913,219,17.4341641,16.47
BLU_1,78.4462035,220,17.4341321,16.49
BLU_1,78.4458952,221,17.4341371,16.52
BLU_1,78.4456298,222,17.4341984,16.55
BLU_1,78.4453538,223,17.4343257,16.58
BLU_1,78.4452266,224,17.4344085,16.6
BLU_1,78.4450993,225,17.4345501,16.62
BLU_1,78.4448853,226,17.4348761,16.66
BLU_1,78.4444144,227,17.4356613,16.76
