shape_id,shape_pt_sequence,shape_pt_lon,shape_dist_traveled,shape_pt_lat
R001_0,1,76.34918872659786,0.0,10.110608860405783
R001_0,2,76.34934604853134,0.04,10.110250193435004
R001_0,3,76.3495,0.08,10.1099
R001_0,4,76.34961929188948,0.14,10.109410585097017
R001_0,5,76.34971865311061,0.19,10.109003007442977
R001_0,6,76.3499587760617,0.32,10.107845484086933
R001_0,7,76.35008297758814,0.41000000000000003,10.107079233938267
R001_0,8,76.35014921840224,0.47000000000000003,10.106533075802389
R001_0,9,76.35015749850399,0.55,10.105848338918063
R001_0,10,76.35012437809694,0.63,10.105114690637768
R001_0,11,76.35004157707932,0.7,10.104462557427555
R001_0,12,76.3499173755529,0.77,10.103875636407402
R001_0,13,76.34967725260182,0.86,10.103101225088661
R001_0,14,76.34934604853134,0.96,10.102269749807036
R001_0,15,76.34898793413015,1.04,10.101666521296314
R001_0,16,76.34822616476806,1.19,10.10058233748009
R001_0,17,76.34794464130816,1.25,10.100142141504032
R001_0,18,76.34742299489717,1.37,10.099155774259282
R001_0,19,76.34724704273474,1.4200000000000002,10.098788942694194
R001_0,20,76.3469737993766,1.5100000000000002,10.097981911778632
R001_0,21,76.34679991723961,1.6100000000000003,10.097101512107363
R001_0,22,76.34671711622198,1.7100000000000004,10.096172198729745
R001_0,23,76.34665087540789,1.7900000000000005,10.095454832181671
R001_0,24,76.3466,1.8300000000000005,10.0951
R001_0,25,76.34651011367795,1.8800000000000006,10.094631489058944
R001_0,26,76.34632795143918,1.9600000000000006,10.093954878777392
R001_0,27,76.3460774783609,2.0500000000000007,10.09318859553606
R001_0,28,76.34577939469747,2.1400000000000006,10.092463070360308
R001_0,29,76.3446698610614,2.3900000000000006,10.090449525632145
R001_0,30,76.34397433251341,2.5400000000000005,10.089267479338519
R001_0,31,76.34349305159851,2.6500000000000004,10.08842781623194
R001_0,32,76.3432115281386,2.7100000000000004,10.087954995266635
R001_0,33,76.3428,2.8000000000000003,10.0873
R001_0,34,76.34260190564639,2.85,10.086895221615906
R001_0,35,76.34221688091448,2.94,10.08622267114428
R001_0,36,76.34119532335961,3.17,10.084457728986427
R001_0,37,76.34042941394667,3.34,10.083104464246922
R001_0,38,76.33984152672157,3.4899999999999998,10.081873477529253
R001_0,39,76.33954344305815,3.5799999999999996,10.081099013277115
R001_0,40,76.3392648952598,3.6699999999999995,10.08030263789797
R001_0,41,76.3389,3.7899999999999996,10.0793
R001_0,42,76.33838616946036,3.9499999999999997,10.077922161821723
R001_0,43,76.33810464600047,4.029999999999999,10.077306659154111
R001_0,44,76.33783761271864,4.079999999999999,10.076923497959617
R001_0,45,76.33752296885172,4.129999999999999,10.076577022019373
R001_0,46,76.3370251277333,4.199999999999999,10.07615309800953
R001_0,47,76.33575827216379,4.3999999999999995,10.07491800853431
R001_0,48,76.33426992387216,4.63,10.073430188198621
R001_0,49,76.3336,4.74,10.0727
R001_0,50,76.33263149873608,4.92,10.07144505832319
R001_0,51,76.33098996856185,5.17,10.069822704918261
R001_0,52,76.33007294729175,5.31,10.06892184686672
R001_0,53,76.32944365955788,5.409999999999999,10.068216648537405
R001_0,54,76.32899860408818,5.489999999999999,10.067678577099308
R001_0,55,76.32796980144431,5.72,10.06583200693271
R001_0,56,76.32697618923294,5.91,10.064397137169466
R001_0,57,76.32591633620746,6.08,10.063223148073885
R001_0,58,76.32445903829742,6.2700000000000005,10.062277431531228
R001_0,59,76.32339918527194,6.420000000000001,10.061429545379392
R001_0,60,76.32276989753807,6.530000000000001,10.060646879263217
R001_0,61,76.32227309143236,6.6800000000000015,10.059375042778887
R001_0,62,76.322,6.770000000000001,10.0586
R001_0,63,76.32161068329144,6.8900000000000015,10.057630335864618
R001_0,64,76.3212132384069,7.170000000000002,10.055135551663975
R001_0,65,76.32024860655166,7.420000000000002,10.053064703089197
R001_0,66,76.31950339739313,7.650000000000002,10.05109167753654
R001_0,67,76.3182,8.160000000000002,10.0467
R001_0,68,76.31633625846933,8.860000000000001,10.04068825279645
R001_0,69,76.3144,9.410000000000002,10.0361
R001_0,70,76.3126184927784,9.850000000000001,10.032534864816691
R001_0,71,76.30900836841036,10.64,10.02640338182592
R001_0,72,76.3083,10.8,10.0251
R001_0,73,76.30497457883551,11.530000000000001,10.01943910589762
R001_0,74,76.30376580943441,11.73,10.018132638905785
R001_0,75,76.30276341529691,11.9,10.016942297731514
R001_0,76,76.30238014695023,11.98,10.016332609096933
R001_0,77,76.3023,12.110000000000001,10.0152
R001_0,78,76.30220325386713,12.21,10.014300305372988
R001_0,79,76.30358891635133,12.75,10.009625958503708
R001_0,80,76.3048,13.13,10.0064
R001_0,81,76.30510724864781,13.290000000000001,10.005038645826346
R001_0,82,76.30510724864781,13.350000000000001,10.004530553410598
R001_0,83,76.30470923921088,13.490000000000002,10.003369196332768
R001_0,84,76.30354469308054,13.690000000000001,10.001932011200497
R001_0,85,76.30317616582411,13.740000000000002,10.001714255322778
R001_0,86,76.30243668515558,13.820000000000002,10.001517548873277
R001_0,87,76.300449771081,14.040000000000003,10.001119841466005
R001_0,88,76.29998131166504,14.100000000000003,10.000913033421826
R001_0,89,76.2989,14.240000000000004,10.0002
R001_0,90,76.29778843698517,14.380000000000004,9.999529006968833
R001_0,91,76.29686767192622,14.510000000000005,9.998741541011
R001_0,92,76.29517960265149,14.750000000000005,9.997333642573508
R001_0,93,76.29422653004659,14.880000000000006,9.996601851146377
R001_0,94,76.2926030758637,15.100000000000007,9.995416663709888
R001_0,95,76.2914,15.280000000000006,9.9943
R001_0,96,76.28986904978954,15.530000000000006,9.992680375541934
R001_0,97,76.28896847694678,15.670000000000007,9.991837212337712
R001_0,98,76.2884,15.750000000000007,9.9914
R001_0,99,76.28769232888261,15.850000000000007,9.990858822105993
R001_0,100,76.28752271426649,15.880000000000006,9.990707688393123
R001_0,101,76.2866665642994,16.040000000000006,9.989530433909946
R001_0,102,76.28595579828898,16.200000000000006,9.988297493903806
R001_0,103,76.28557618462433,16.270000000000007,9.98783613450657
R001_0,104,76.28523695539208,16.330000000000005,9.987462273825471
R001_0,105,76.28493811059225,16.370000000000005,9.987199775643736
R001_0,106,76.28420311392236,16.470000000000006,9.986690687657338
R001_0,107,76.28328638730667,16.580000000000005,9.986300916629386
R001_0,108,76.2828663892096,16.630000000000006,9.98614182627972
R001_0,109,76.28251100620437,16.680000000000007,9.985935008708877
R001_0,110,76.28226062272343,16.720000000000006,9.985664554764059
R001_0,111,76.28209908499379,16.750000000000007,9.985402055132067
R001_0,112,76.28199408546953,16.790000000000006,9.985075918930699
R001_0,113,76.28196985481007,16.840000000000007,9.984654327747034
R001_0,114,76.28201831612898,16.870000000000008,9.984375918175399
R001_0,115,76.2823,16.980000000000008,9.9834
R001_0,116,76.28290677364201,17.180000000000007,9.98173499268099
R001_0,117,76.28328254771993,17.420000000000005,9.979615207824892
R001_0,118,76.2834682550632,17.520000000000007,9.978780194386482
R001_0,119,76.28413160412475,17.740000000000006,9.976907355778346
R001_0,120,76.28458857792273,17.930000000000007,9.975295834867703
R001_0,121,76.2851,18.170000000000005,9.9732
R001_1,1,76.2851,0.0,9.9732
R001_1,2,76.28458857792273,0.24,9.975295834867703
R001_1,3,76.28413160412475,0.43,9.976907355778346
R001_1,4,76.2834682550632,0.65,9.978780194386482
R001_1,5,76.28328254771993,0.75,9.979615207824892
R001_1,6,76.28290677364201,0.99,9.98173499268099
R001_1,7,76.2823,1.19,9.9834
R001_1,8,76.28201831612898,1.3,9.984375918175399
R001_1,9,76.28196985481007,1.33,9.984654327747034
R001_1,10,76.28199408546953,1.38,9.985075918930699
R001_1,11,76.28209908499379,1.42,9.985402055132067
R001_1,12,76.28226062272343,1.45,9.985664554764059
R001_1,13,76.28251100620437,1.49,9.985935008708877
R001_1,14,76.2828663892096,1.54,9.98614182627972
R001_1,15,76.28328638730667,1.59,9.986300916629386
R001_1,16,76.28420311392236,1.7,9.986690687657338
R001_1,17,76.28493811059225,1.8,9.987199775643736
R001_1,18,76.28523695539208,1.84,9.987462273825471
R001_1,19,76.28557618462433,1.9,9.98783613450657
R001_1,20,76.28595579828898,1.97,9.988297493903806
R001_1,21,76.2866665642994,2.13,9.989530433909946
R001_1,22,76.28752271426649,2.29,9.990707688393123
R001_1,23,76.28769232888261,2.32,9.990858822105993
R001_1,24,76.2884,2.42,9.9914
R001_1,25,76.28896847694678,2.5,9.991837212337712
R001_1,26,76.28986904978954,2.64,9.992680375541934
R001_1,27,76.2914,2.89,9.9943
R001_1,28,76.2926030758637,3.07,9.995416663709888
R001_1,29,76.29422653004659,3.29,9.996601851146377
R001_1,30,76.29517960265149,3.42,9.997333642573508
R001_1,31,76.29686767192622,3.66,9.998741541011
R001_1,32,76.29778843698517,3.79,9.999529006968833
R001_1,33,76.2989,3.93,10.0002
R001_1,34,76.29998131166504,4.07,10.000913033421826
R001_1,35,76.300449771081,4.13,10.001119841466005
R001_1,36,76.30243668515558,4.35,10.001517548873277
R001_1,37,76.30317616582411,4.43,10.001714255322778
R001_1,38,76.30354469308054,4.48,10.001932011200497
R001_1,39,76.30470923921088,4.68,10.003369196332768
R001_1,40,76.30510724864781,4.82,10.004530553410598
R001_1,41,76.30510724864781,4.88,10.005038645826346
R001_1,42,76.3048,5.04,10.0064
R001_1,43,76.30358891635133,5.42,10.009625958503708
R001_1,44,76.30220325386713,5.96,10.014300305372988
R001_1,45,76.3023,6.06,10.0152
R001_1,46,76.30238014695023,6.19,10.016332609096933
R001_1,47,76.30276341529691,6.27,10.016942297731514
R001_1,48,76.30376580943441,6.44,10.018132638905785
R001_1,49,76.30497457883551,6.64,10.01943910589762
R001_1,50,76.3083,7.37,10.0251
R001_1,51,76.30900836841036,7.53,10.02640338182592
R001_1,52,76.3126184927784,8.32,10.032534864816691
R001_1,53,76.3144,8.76,10.0361
R001_1,54,76.31633625846933,9.31,10.04068825279645
R001_1,55,76.3182,10.01,10.0467
R001_1,56,76.31950339739313,10.52,10.05109167753654
R001_1,57,76.32024860655166,10.75,10.053064703089197
R001_1,58,76.3212132384069,11.0,10.055135551663975
R001_1,59,76.32161068329144,11.28,10.057630335864618
R001_1,60,76.322,11.4,10.0586
R001_1,61,76.32227309143236,11.49,10.059375042778887
R001_1,62,76.32276989753807,11.64,10.060646879263217
R001_1,63,76.32339918527194,11.75,10.061429545379392
R001_1,64,76.32445903829742,11.9,10.062277431531228
R001_1,65,76.32591633620746,12.09,10.063223148073885
R001_1,66,76.32697618923294,12.26,10.064397137169466
R001_1,67,76.32796980144431,12.45,10.06583200693271
R001_1,68,76.32899860408818,12.68,10.067678577099308
R001_1,69,76.32944365955788,12.76,10.068216648537405
R001_1,70,76.33007294729175,12.86,10.06892184686672
R001_1,71,76.33098996856185,13.0,10.069822704918261
R001_1,72,76.33263149873608,13.25,10.07144505832319
R001_1,73,76.3336,13.43,10.0727
R001_1,74,76.33426992387216,13.54,10.073430188198621
R001_1,75,76.33575827216379,13.77,10.07491800853431
R001_1,76,76.3370251277333,13.97,10.07615309800953
R001_1,77,76.33752296885172,14.04,10.076577022019373
R001_1,78,76.33783761271864,14.09,10.076923497959617
R001_1,79,76.33810464600047,14.14,10.077306659154111
R001_1,80,76.33838616946036,14.22,10.077922161821723
R001_1,81,76.3389,14.38,10.0793
R001_1,82,76.3392648952598,14.5,10.08030263789797
R001_1,83,76.33954344305815,14.59,10.081099013277115
R001_1,84,76.33984152672157,14.68,10.081873477529253
R001_1,85,76.34042941394667,14.83,10.083104464246922
R001_1,86,76.34119532335961,15.0,10.084457728986427
R001_1,87,76.34221688091448,15.23,10.08622267114428
R001_1,88,76.34260190564639,15.32,10.086895221615906
R001_1,89,76.3428,15.37,10.0873
R001_1,90,76.3432115281386,15.46,10.087954995266635
R001_1,91,76.34349305159851,15.52,10.08842781623194
R001_1,92,76.34397433251341,15.63,10.089267479338519
R001_1,93,76.3446698610614,15.78,10.090449525632145
R001_1,94,76.34577939469747,16.03,10.092463070360308
R001_1,95,76.3460774783609,16.12,10.09318859553606
R001_1,96,76.34632795143918,16.21,10.093954878777392
R001_1,97,76.34651011367795,16.29,10.094631489058944
R001_1,98,76.3466,16.34,10.0951
R001_1,99,76.34665087540789,16.38,10.095454832181671
R001_1,100,76.34671711622198,16.46,10.096172198729745
R001_1,101,76.34679991723961,16.56,10.097101512107363
R001_1,102,76.3469737993766,16.66,10.097981911778632
R001_1,103,76.34724704273474,16.75,10.098788942694194
R001_1,104,76.34742299489717,16.8,10.099155774259282
R001_1,105,76.34794464130816,16.92,10.100142141504032
R001_1,106,76.34822616476806,16.98,10.10058233748009
R001_1,107,76.34898793413015,17.13,10.101666521296314
R001_1,108,76.34934604853134,17.21,10.102269749807036
R001_1,109,76.34967725260182,17.31,10.103101225088661
R001_1,110,76.3499173755529,17.4,10.103875636407402
R001_1,111,76.35004157707932,17.47,10.104462557427555
R001_1,112,76.35012437809694,17.54,10.105114690637768
R001_1,113,76.35015749850399,17.62,10.105848338918063
R001_1,114,76.35014921840224,17.7,10.106533075802389
R001_1,115,76.35008297758814,17.76,10.107079233938267
R001_1,116,76.3499587760617,17.85,10.107845484086933
R001_1,117,76.34971865311061,17.98,10.109003007442977
R001_1,118,76.34961929188948,18.03,10.109410585097017
R001_1,119,76.3495,18.09,10.1099
R001_1,120,76.34934604853134,18.13,10.110250193435004
R001_1,121,76.34918872659786,18.17,10.110608860405783
