shape_id,shape_pt_sequence,shape_pt_lat,shape_pt_lon,shape_dist_traveled
RED_0,1,17.435449,78.4446642,0.0
RED_0,2,17.4359366,78.4443917,0.06
RED_0,3,17.4363782,78.4441152,0.12
RED_0,4,17.4367474,78.4439097,0.17
RED_0,5,17.4373226,78.4436425,0.24
RED_0,6,17.4383904,78.4431536,0.37
RED_0,7,17.4395385,78.4426919,0.51
RED_0,8,17.4400728,78.4424235,0.58
RED_0,9,17.4406481,78.4421819,0.65
RED_0,10,17.4431319,78.440746,0.97
RED_0,11,17.4440504,78.4402897,1.08
RED_0,12,17.4442665,78.4401662,1.11
RED_0,13,17.4446152,78.4399019,1.16
RED_0,14,17.4449612,78.4396672,1.21
RED_0,15,17.4464429,78.4388235,1.4
RED_0,16,17.4471862,78.4383869,1.49
RED_0,17,17.4479245,78.4379772,1.58
RED_0,18,17.4486676,78.4375609,1.67
RED_0,19,17.4492022,78.4372989,1.74
RED_0,20,17.4497534,78.4370891,1.81
RED_0,21,17.4499829,78.4369971,1.84
RED_0,22,17.4501329,78.4369154,1.86
RED_0,23,17.4506092,78.4366464,1.92
RED_0,24,17.4510956,78.4363987,1.98
RED_0,25,17.4516296,78.436134,2.05
RED_0,26,17.4521584,78.4358707,2.12
RED_0,27,17.4526932,78.4355831,2.19
RED_0,28,17.4532318,78.4352982,2.26
RED_0,29,17.4536439,78.4350609,2.31
RED_0,30,17.4540738,78.4348531,2.36
RED_0,31,17.4542508,78.4347692,2.38
RED_0,32,17.4548994,78.4344792,2.46
RED_0,33,17.4552212,78.4343383,2.5
RED_0,34,17.4555455,78.4341987,2.54
RED_0,35,17.4562832,78.4338644,2.63
RED_0,36,17.4570234,78.4335126,2.72
RED_0,37,17.4576918,78.4332228,2.8
RED_0,38,17.4581935,78.4330019,2.86
RED_0,39,17.4587369,78.432708,2.93
RED_0,40,17.4592913,78.4323108,3.0
RED_0,41,17.4595761,78.4321337,3.04
RED_0,42,17.4598648,78.4319579,3.08
RED_0,43,17.4600722,78.4318392,3.11
RED_0,44,17.4602975,78.4317339,3.14
RED_0,45,17.4615956,78.4311282,3.3
RED_0,46,17.4622459,78.430816,3.38
RED_0,47,17.4628911,78.4305092,3.46
RED_0,48,17.4650059,78.429566,3.72
RED_0,49,17.4655142,78.429339,3.78
RED_0,50,17.4657647,78.4292364,3.81
RED_0,51,17.4661548,78.4291247,3.85
RED_0,52,17.4666031,78.4290367,3.9
RED_0,53,17.4667787,78.4289954,3.92
RED_0,54,17.4670016,78.428934,3.95
RED_0,55,17.4672729,78.428838,3.98
RED_0,56,17.4676406,78.4286638,4.02
RED_0,57,17.4682908,78.4283666,4.1
RED_0,58,17.4689474,78.4280534,4.18
RED_0,59,17.4693186,78.4278373,4.23
RED_0,60,17.4697562,78.4275267,4.29
RED_0,61,17.4701797,78.4272174,4.35
RED_0,62,17.4710239,78.4266328,4.46
RED_0,63,17.4714908,78.4263003,4.52
RED_0,64,17.4725668,78.4255511,4.66
RED_0,65,17.4752009,78.42376,5.01
RED_0,66,17.4756423,78.4234361,5.07
RED_0,67,17.4758576,78.4232269,5.1
RED_0,68,17.476083,78.4229854,5.14
RED_0,69,17.4764154,78.4224757,5.21
RED_0,70,17.4771353,78.4213666,5.35
RED_0,71,17.477296,78.4211542,5.38
RED_0,72,17.4774679,78.4209115,5.41
RED_0,73,17.4786958,78.4191996,5.64
RED_0,74,17.4792939,78.4184019,5.75
RED_0,75,17.4798761,78.4177665,5.84
RED_0,76,17.4804365,78.4171694,5.93
RED_0,77,17.4809917,78.4166509,6.01
RED_0,78,17.4815315,78.4161069,6.09
RED_0,79,17.4817278,78.4158666,6.12
RED_0,80,17.4819189,78.415586,6.16
RED_0,81,17.4826536,78.4143126,6.32
RED_0,82,17.4830351,78.4136759,6.4
RED_0,83,17.4832194,78.4133481,6.44
RED_0,84,17.4834114,78.4130526,6.48
RED_0,85,17.4836834,78.4127224,6.53
RED_0,86,17.4839426,78.4124459,6.57
RED_0,87,17.4845585,78.411956,6.66
RED_0,88,17.4856105,78.4111939,6.8
RED_0,89,17.4865168,78.4105665,6.92
RED_0,90,17.4869866,78.4102742,6.98
RED_0,91,17.4874423,78.4099698,7.04
RED_0,92,17.4880615,78.4095558,7.12
RED_0,93,17.4893435,78.4085572,7.3
RED_0,94,17.489973,78.4080417,7.39
RED_0,95,17.4906025,78.4075303,7.48
RED_0,96,17.4910706,78.4071437,7.55
RED_0,97,17.491215,78.4069906,7.57
RED_0,98,17.4913391,78.4068322,7.59
RED_0,99,17.4916111,78.4063673,7.65
RED_0,100,17.4921373,78.4052203,7.79
RED_0,101,17.492689,78.4040879,7.92
RED_0,102,17.4934907,78.4023638,8.12
RED_0,103,17.4940442,78.4011171,8.27
RED_0,104,17.4946137,78.3998657,8.42
RED_0,105,17.4952011,78.3986143,8.57
RED_0,106,17.4957949,78.39729,8.73
RED_0,107,17.4966189,78.394226,9.07
RED_0,108,17.4967739,78.39379,9.12
RED_0,109,17.4969989,78.393354,9.17
RED_0,110,17.4979919,78.39189,9.36
RED_0,111,17.4981459,78.391573,9.4
RED_0,112,17.4982169,78.391399,9.42
RED_0,113,17.4982729,78.391222,9.44
RED_0,114,17.4983819,78.390789,9.49
RED_0,115,17.4986479,78.38883,9.7
RED_0,116,17.4992829,78.384088,10.21
RED_0,117,17.4994339,78.38295,10.33
RED_0,118,17.4994479,78.382787,10.35
RED_0,119,17.4994259,78.382398,10.39
RED_0,120,17.4993439,78.38191,10.44
RED_0,121,17.4988829,78.380592,10.59
RED_0,122,17.4977109,78.378221,10.87
RED_0,123,17.4972409,78.37709,11.0
RED_0,124,17.4968959,78.375391,11.18
RED_0,125,17.4967139,78.374809,11.24
RED_0,126,17.4965909,78.374322,11.29
RED_0,127,17.4965349,78.373836,11.34
RED_0,128,17.4965399,78.373026,11.43
RED_1,1,17.4965399,78.373026,0.0
RED_1,2,17.4965349,78.373836,0.09
RED_1,3,17.4965909,78.374322,0.14
RED_1,4,17.4967139,78.374809,0.19
RED_1,5,17.4968959,78.375391,0.25
RED_1,6,17.4972409,78.37709,0.43
RED_1,7,17.4977109,78.378221,0.56
RED_1,8,17.4988829,78.380592,0.84
RED_1,9,17.4993439,78.38191,0.99
RED_1,10,17.4994259,78.382398,1.04
RED_1,11,17.4994479,78.382787,1.08
RED_1,12,17.4994339,78.38295,1.1
RED_1,13,17.4992829,78.384088,1.22
RED_1,14,17.4986479,78.38883,1.73
RED_1,15,17.4983819,78.390789,1.94
RED_1,16,17.4982729,78.391222,1.99
RED_1,17,17.4982169,78.391399,2.01
RED_1,18,17.4981459,78.391573,2.03
RED_1,19,17.4979919,78.39189,2.07
RED_1,20,17.4969989,78.393354,2.26
RED_1,21,17.4967739,78.39379,2.31
RED_1,22,17.4966189,78.394226,2.36
RED_1,23,17.4957949,78.39729,2.7
RED_1,24,17.4952011,78.3986143,2.86
RED_1,25,17.4946137,78.3998657,3.01
RED_1,26,17.4940442,78.4011171,3.16
RED_1,27,17.4934907,78.4023638,3.31
RED_1,28,17.492689,78.4040879,3.51
RED_1,29,17.4921373,78.4052203,3.64
RED_1,30,17.4916111,78.4063673,3.78
RED_1,31,17.4913391,78.4068322,3.84
RED_1,32,17.491215,78.4069906,3.86
RED_1,33,17.4910706,78.4071437,3.88
RED_1,34,17.4906025,78.4075303,3.95
RED_1,35,17.489973,78.4080417,4.04
RED_1,36,17.4893435,78.4085572,4.13
RED_1,37,17.4880615,78.4095558,4.31
RED_1,38,17.4874423,78.4099698,4.39
RED_1,39,17.4869866,78.4102742,4.45
RED_1,40,17.4865168,78.4105665,4.51
RED_1,41,17.4856105,78.4111939,4.63
RED_1,42,17.4845585,78.411956,4.77
RED_1,43,17.4839426,78.4124459,4.86
RED_1,44,17.4836834,78.4127224,4.9
RED_1,45,17.4834114,78.4130526,4.95
RED_1,46,17.4832194,78.4133481,4.99
RED_1,47,17.4830351,78.4136759,5.03
RED_1,48,17.4826536,78.4143126,5.11
RED_1,49,17.4819189,78.415586,5.27
RED_1,50,17.4817278,78.4158666,5.31
RED_1,51,17.4815315,78.4161069,5.34
RED_1,52,17.4809917,78.4166509,5.42
RED_1,53,17.4804365,78.4171694,5.5
RED_1,54,17.4798761,78.4177665,5.59
RED_1,55,17.4792939,78.4184019,5.68
RED_1,56,17.4786958,78.4191996,5.79
RED_1,57,17.4774679,78.4209115,6.02
RED_1,58,17.477296,78.4211542,6.05
RED_1,59,17.4771353,78.4213666,6.08
RED_1,60,17.4764154,78.4224757,6.22
RED_1,61,17.476083,78.4229854,6.29
RED_1,62,17.4758576,78.4232269,6.33
RED_1,63,17.4756423,78.4234361,6.36
RED_1,64,17.4752009,78.42376,6.42
RED_1,65,17.4725668,78.4255511,6.77
RED_1,66,17.4714908,78.4263003,6.91
RED_1,67,17.4710239,78.4266328,6.97
RED_1,68,17.4701797,78.4272174,7.08
RED_1,69,17.4697562,78.4275267,7.14
RED_1,70,17.4693186,78.4278373,7.2
RED_1,71,17.4689474,78.4280534,7.25
RED_1,72,17.4682908,78.4283666,7.33
RED_1,73,17.4676406,78.4286638,7.41
RED_1,74,17.4672729,78.428838,7.45
RED_1,75,17.4670016,78.428934,7.48
RED_1,76,17.4667787,78.4289954,7.51
RED_1,77,17.4666031,78.4290367,7.53
RED_1,78,17.4661548,78.4291247,7.58
RED_1,79,17.4657647,78.4292364,7.62
RED_1,80,17.4655142,78.429339,7.65
RED_1,81,17.4650059,78.429566,7.71
RED_1,82,17.4628911,78.4305092,7.97
RED_1,83,17.4622459,78.430816,8.05
RED_1,84,17.4615956,78.4311282,8.13
RED_1,85,17.4602975,78.4317339,8.29
RED_1,86,17.4600722,78.4318392,8.32
RED_1,87,17.4598648,78.4319579,8.35
RED_1,88,17.4595761,78.4321337,8.39
RED_1,89,17.4592913,78.4323108,8.43
RED_1,90,17.4587369,78.432708,8.5
RED_1,91,17.4581935,78.4330019,8.57
RED_1,92,17.4576918,78.4332228,8.63
RED_1,93,17.4570234,78.4335126,8.71
RED_1,94,17.4562832,78.4338644,8.8
RED_1,95,17.4555455,78.4341987,8.89
RED_1,96,17.4552212,78.4343383,8.93
RED_1,97,17.4548994,78.4344792,8.97
RED_1,98,17.4542508,78.4347692,9.05
RED_1,99,17.4540738,78.4348531,9.07
RED_1,100,17.4536439,78.4350609,9.12
RED_1,101,17.4532318,78.4352982,9.17
RED_1,102,17.4526932,78.4355831,9.24
RED_1,103,17.4521584,78.4358707,9.31
RED_1,104,17.4516296,78.436134,9.38
RED_1,105,17.4510956,78.4363987,9.45
RED_1,106,17.4506092,78.4366464,9.51
RED_1,107,17.4501329,78.4369154,9.57
RED_1,108,17.4499829,78.4369971,9.59
RED_1,109,17.4497534,78.4370891,9.62
RED_1,110,17.4492022,78.4372989,9.69
RED_1,111,17.4486676,78.4375609,9.76
RED_1,112,17.4479245,78.4379772,9.85
RED_1,113,17.4471862,78.4383869,9.94
RED_1,114,17.4464429,78.4388235,10.03
RED_1,115,17.4449612,78.4396672,10.22
RED_1,116,17.4446152,78.4399019,10.27
RED_1,117,17.4442665,78.4401662,10.32
RED_1,118,17.4440504,78.4402897,10.35
RED_1,119,17.4431319,78.440746,10.46
RED_1,120,17.4406481,78.4421819,10.78
RED_1,121,17.4400728,78.4424235,10.85
RED_1,122,17.4395385,78.4426919,10.92
RED_1,123,17.4383904,78.4431536,11.06
RED_1,124,17.4373226,78.4436425,11.19
RED_1,125,17.4367474,78.4439097,11.26
RED_1,126,17.4363782,78.4441152,11.31
RED_1,127,17.4359366,78.4443917,11.37
RED_1,128,17.435449,78.4446642,11.43
BLU_0,1,17.4356613,78.4444144,0.0
BLU_0,2,17.4348761,78.4448853,0.1
BLU_0,3,17.4345501,78.4450993,0.14
BLU_0,4,17.4344085,78.4452266,0.16
BLU_0,5,17.4343257,78.4453538,0.18
BLU_0,6,17.4341984,78.4456298,0.21
BLU_0,7,17.4341371,78.4458952,0.24
BLU_0,8,17.4341321,78.4462035,0.27
BLU_0,9,17.4341641,78.4463913,0.29
BLU_0,10,17.4342857,78.4467373,0.33
BLU_0,11,17.4343497,78.4470122,0.36
BLU_0,12,17.434383,78.447271,0.39
BLU_0,13,17.4344294,78.4477984,0.45
BLU_0,14,17.434472,78.4482426,0.5
BLU_0,15,17.4345492,78.4488977,0.57
BLU_0,16,17.4345916,78.4492225,0.6
BLU_0,17,17.434657,78.4495447,0.63
BLU_0,18,17.4348851,78.4504253,0.73
BLU_0,19,17.4349878,78.4511001,0.8
BLU_0,20,17.4350212,78.4512332,0.81
BLU_0,21,17.4350618,78.4513542,0.82
BLU_0,22,17.4351204,78.4514592,0.83
BLU_0,23,17.4351841,78.4515655,0.84
BLU_0,24,17.4352554,78.4516637,0.85
BLU_0,25,17.4353375,78.4517635,0.86
BLU_0,26,17.4354298,78.4518445,0.87
BLU_0,27,17.4356631,78.4520212,0.9
BLU_0,28,17.4357752,78.4521605,0.92
BLU_0,29,17.4358592,78.4523092,0.94
BLU_0,30,17.4359188,78.4524231,0.95
BLU_0,31,17.4359709,78.4525423,0.96
BLU_0,32,17.4360077,78.4526701,0.97
BLU_0,33,17.4360279,78.4528126,0.99
BLU_0,34,17.4360223,78.4529946,1.01
BLU_0,35,17.4359838,78.4532004,1.03
BLU_0,36,17.4359209,78.4534116,1.05
BLU_0,37,17.4357035,78.4540061,1.12
BLU_0,38,17.4354258,78.454744,1.2
BLU_0,39,17.4353911,78.4548902,1.22
BLU_0,40,17.4353819,78.4550204,1.23
BLU_0,41,17.4353965,78.4551888,1.25
BLU_0,42,17.4354265,78.4553518,1.27
BLU_0,43,17.4355012,78.455559,1.29
BLU_0,44,17.435599,78.4557448,1.31
BLU_0,45,17.4357425,78.4559117,1.33
BLU_0,46,17.4358399,78.4560098,1.35
BLU_0,47,17.4359091,78.4560597,1.36
BLU_0,48,17.4364341,78.456364,1.43
BLU_0,49,17.4371242,78.4567178,1.52
BLU_0,50,17.4375648,78.4569295,1.57
BLU_0,51,17.4380205,78.4571403,1.63
BLU_0,52,17.438466,78.457284,1.68
BLU_0,53,17.441631,78.45811,2.04
BLU_0,54,17.441948,78.458254,2.08
BLU_0,55,17.444051,78.460982,2.45
BLU_0,56,17.44444,78.461888,2.56
BLU_0,57,17.444739,78.462828,2.67
BLU_0,58,17.444886,78.463397,2.73
BLU_0,59,17.445046,78.464137,2.81
BLU_0,60,17.445073,78.464604,2.86
BLU_0,61,17.445038,78.465045,2.91
BLU_0,62,17.444878,78.466059,3.02
BLU_0,63,17.444756,78.466748,3.09
BLU_0,64,17.444759,78.467182,3.14
BLU_0,65,17.444241,78.470853,3.53
BLU_0,66,17.444225,78.472923,3.75
BLU_0,67,17.443602,78.476053,4.09
BLU_0,68,17.443455,78.479147,4.42
BLU_0,69,17.44345,78.479498,4.46
BLU_0,70,17.443453,78.480634,4.58
BLU_0,71,17.4434224,78.4818604,4.71
BLU_0,72,17.4434148,78.4822242,4.75
BLU_0,73,17.4434277,78.4825048,4.78
BLU_0,74,17.4434806,78.4831336,4.85
BLU_0,75,17.4434967,78.4834274,4.88
BLU_0,76,17.4434941,78.483706,4.91
BLU_0,77,17.4434612,78.4853684,5.09
BLU_0,78,17.4434411,78.4869993,5.26
BLU_0,79,17.4434533,78.4882336,5.39
BLU_0,80,17.4434262,78.4893738,5.51
BLU_0,81,17.4433888,78.4905864,5.64
BLU_0,82,17.443246,78.495433,6.15
BLU_0,83,17.443192,78.497472,6.37
BLU_0,84,17.443041,78.500186,6.66
BLU_0,85,17.443013,78.500465,6.69
BLU_0,86,17.442967,78.500712,6.72
BLU_0,87,17.442831,78.501385,6.79
BLU_0,88,17.442796,78.501713,6.83
BLU_0,89,17.442781,78.502057,6.87
BLU_0,90,17.442764,78.503519,7.03
BLU_0,91,17.442748,78.503752,7.05
BLU_0,92,17.442709,78.503985,7.08
BLU_0,93,17.442656,78.504181,7.1
BLU_0,94,17.442569,78.504422,7.13
BLU_0,95,17.442405,78.504697,7.16
BLU_0,96,17.442244,78.504943,7.19
BLU_0,97,17.44208,78.505136,7.22
BLU_0,98,17.441892,78.505288,7.25
BLU_0,99,17.441726,78.505365,7.27
BLU_0,100,17.441596,78.505408,7.29
BLU_0,101,17.44141,78.505455,7.31
BLU_0,102,17.441228,78.505484,7.33
BLU_0,103,17.441015,78.505471,7.35
BLU_0,104,17.440639,78.505388,7.39
BLU_0,105,17.438286,78.504752,7.66
BLU_0,106,17.438093,78.504715,7.68
BLU_0,107,17.437914,78.504709,7.7
BLU_0,108,17.43772,78.504731,7.72
BLU_0,109,17.437505,78.504791,7.74
BLU_0,110,17.437026,78.505012,7.8
BLU_0,111,17.436778,78.50512,7.83
BLU_0,112,17.436356,78.505246,7.88
BLU_0,113,17.435711,78.505433,7.95
BLU_0,114,17.4349406,78.5055941,8.04
BLU_0,115,17.4346382,78.5056747,8.07
BLU_0,116,17.4342576,78.505769,8.11
BLU_0,117,17.4338544,78.5058891,8.16
BLU_0,118,17.4336886,78.5059909,8.18
BLU_0,119,17.4334668,78.5062145,8.21
BLU_0,120,17.4333515,78.5063671,8.23
BLU_0,121,17.4332696,78.506581,8.25
BLU_0,122,17.433217,78.5067932,8.27
BLU_0,123,17.4332034,78.507013,8.29
BLU_0,124,17.4332561,78.5076274,8.36
BLU_0,125,17.433353,78.50907,8.51
BLU_0,126,17.4333836,78.5095529,8.56
BLU_0,127,17.4334321,78.5098587,8.59
BLU_0,128,17.4335165,78.510143,8.62
BLU_0,129,17.4336675,78.5105427,8.67
BLU_0,130,17.4339131,78.5109746,8.72
BLU_0,131,17.4343495,78.5117334,8.81
BLU_0,132,17.4345216,78.5121128,8.85
BLU_0,133,17.434686,78.5125941,8.9
BLU_0,134,17.4350033,78.5135007,9.0
BLU_0,135,17.4355589,78.5146518,9.14
BLU_0,136,17.4358358,78.5151138,9.2
BLU_0,137,17.4363658,78.5158866,9.3
BLU_0,138,17.4367382,78.5164313,9.37
BLU_0,139,17.4368727,78.5166728,9.4
BLU_0,140,17.4369631,78.5169294,9.43
BLU_0,141,17.4369972,78.517135,9.45
BLU_0,142,17.4370052,78.5173371,9.47
BLU_0,143,17.4369913,78.5175534,9.49
BLU_0,144,17.4369108,78.5178396,9.52
BLU_0,145,17.4367715,78.5180848,9.55
BLU_0,146,17.4366148,78.5183026,9.58
BLU_0,147,17.4364172,78.5185258,9.61
BLU_0,148,17.4354489,78.519646,9.77
BLU_0,149,17.4345513,78.5206845,9.92
BLU_0,150,17.433628,78.52168,10.07
BLU_0,151,17.4327207,78.5227443,10.22
BLU_0,152,17.4318365,78.5237951,10.37
BLU_0,153,17.4307248,78.525075,10.55
BLU_0,154,17.4304107,78.5254158,10.6
BLU_0,155,17.4297816,78.5260657,10.7
BLU_0,156,17.4292539,78.5266496,10.79
BLU_0,157,17.4289693,78.5270028,10.84
BLU_0,158,17.4287878,78.5273311,10.88
BLU_0,159,17.4280609,78.5289406,11.07
BLU_0,160,17.4278295,78.5294153,11.13
BLU_0,161,17.4276524,78.5296768,11.16
BLU_0,162,17.427419,78.529992,11.2
BLU_0,163,17.4270556,78.5304539,11.26
BLU_0,164,17.4262432,78.5314289,11.4
BLU_0,165,17.4259861,78.5318056,11.45
BLU_0,166,17.4257066,78.5323185,11.51
BLU_0,167,17.4253605,78.5331184,11.6
BLU_0,168,17.4252232,78.5335334,11.65
BLU_0,169,17.4250945,78.5340664,11.71
BLU_0,170,17.4249478,78.5348788,11.8
BLU_0,171,17.4248821,78.5352541,11.84
BLU_0,172,17.4247678,78.535608,11.88
BLU_0,173,17.4246067,78.5359365,11.92
BLU_0,174,17.4243649,78.5362669,11.96
BLU_0,175,17.4236598,78.5369454,12.07
BLU_0,176,17.4229572,78.5375387,12.17
BLU_0,177,17.4225898,78.5378503,12.22
BLU_0,178,17.4223539,78.5381027,12.26
BLU_0,179,17.4218073,78.5388331,12.36
BLU_0,180,17.4212964,78.5395556,12.46
BLU_0,181,17.4211429,78.5397633,12.49
BLU_0,182,17.4209688,78.5399442,12.52
BLU_0,183,17.4205198,78.54029,12.58
BLU_0,184,17.4199819,78.5406779,12.65
BLU_0,185,17.419618,78.5409371,12.7
BLU_0,186,17.419259,78.5412315,12.75
BLU_0,187,17.4189292,78.5415715,12.8
BLU_0,188,17.4186121,78.5419383,12.85
BLU_0,189,17.4180521,78.5425617,12.94
BLU_0,190,17.417505,78.5431825,13.03
BLU_0,191,17.4167682,78.5440508,13.15
BLU_0,192,17.4160213,78.544946,13.28
BLU_0,193,17.4150406,78.5460763,13.44
BLU_0,194,17.4140577,78.5471645,13.6
BLU_0,195,17.4120586,78.5493766,13.92
BLU_0,196,17.410071,78.5515865,14.24
BLU_0,197,17.4090608,78.5526879,14.4
BLU_0,198,17.4086019,78.5531739,14.47
BLU_0,199,17.4084198,78.5533428,14.5
BLU_0,200,17.4080143,78.5536998,14.56
BLU_0,201,17.4056478,78.5557742,14.9
BLU_0,202,17.4032838,78.5579425,15.25
BLU_0,203,17.4030663,78.5581784,15.28
BLU_0,204,17.402923,78.558358,15.3
BLU_0,205,17.4027698,78.5586055,15.33
BLU_0,206,17.4025185,78.5591413,15.39
BLU_0,207,17.4023268,78.5594826,15.43
BLU_0,208,17.4021167,78.5597294,15.47
BLU_0,209,17.4019526,78.559869,15.49
BLU_0,210,17.4016397,78.5600594,15.53
BLU_0,211,17.4013686,78.5601645,15.56
BLU_0,212,17.4010213,78.5602303,15.6
BLU_0,213,17.400637,78.5602183,15.64
BLU_0,214,17.4002843,78.5602163,15.68
BLU_0,215,17.3994153,78.5601747,15.78
BLU_0,216,17.3988695,78.5601178,15.84
BLU_0,217,17.3986217,78.5600883,15.87
BLU_0,218,17.3980691,78.5599724,15.93
BLU_0,219,17.3968857,78.5595967,16.07
BLU_0,220,17.3963004,78.5594076,16.14
BLU_0,221,17.395977,78.5592996,16.18
BLU_0,222,17.395715,78.5592613,16.21
BLU_0,223,17.3952868,78.5591752,16.26
BLU_0,224,17.3948432,78.5591306,16.31
BLU_0,225,17.3934445,78.5590042,16.47
BLU_0,226,17.3920611,78.55891,16.62
BLU_0,227,17.3908029,78.5588273,16.76
BLU_1,1,17.3908029,78.5588273,0.0
BLU_1,2,17.3920611,78.55891,0.14
BLU_1,3,17.3934445,78.5590042,0.29
BLU_1,4,17.3948432,78.5591306,0.45
BLU_1,5,17.3952868,78.5591752,0.5
BLU_1,6,17.395715,78.5592613,0.55
BLU_1,7,17.395977,78.5592996,0.58
BLU_1,8,17.3963004,78.5594076,0.62
BLU_1,9,17.3968857,78.5595967,0.69
BLU_1,10,17.3980691,78.5599724,0.83
BLU_1,11,17.3986217,78.5600883,0.89
BLU_1,12,17.3988695,78.5601178,0.92
BLU_1,13,17.3994153,78.5601747,0.98
BLU_1,14,17.4002843,78.5602163,1.08
BLU_1,15,17.400637,78.5602183,1.12
BLU_1,16,17.4010213,78.5602303,1.16
BLU_1,17,17.4013686,78.5601645,1.2
BLU_1,18,17.4016397,78.5600594,1.23
BLU_1,19,17.4019526,78.559869,1.27
BLU_1,20,17.4021167,78.5597294,1.29
BLU_1,21,17.4023268,78.5594826,1.33
BLU_1,22,17.4025185,78.5591413,1.37
BLU_1,23,17.4027698,78.5586055,1.43
BLU_1,24,17.402923,78.558358,1.46
BLU_1,25,17.4030663,78.5581784,1.48
BLU_1,26,17.4032838,78.5579425,1.51
BLU_1,27,17.4056478,78.5557742,1.86
BLU_1,28,17.4080143,78.5536998,2.2
BLU_1,29,17.4084198,78.5533428,2.26
BLU_1,30,17.4086019,78.5531739,2.29
BLU_1,31,17.4090608,78.5526879,2.36
BLU_1,32,17.410071,78.5515865,2.52
BLU_1,33,17.4120586,78.5493766,2.84
BLU_1,34,17.4140577,78.5471645,3.16
BLU_1,35,17.4150406,78.5460763,3.32
BLU_1,36,17.4160213,78.544946,3.48
BLU_1,37,17.4167682,78.5440508,3.61
BLU_1,38,17.417505,78.5431825,3.73
BLU_1,39,17.4180521,78.5425617,3.82
BLU_1,40,17.4186121,78.5419383,3.91
BLU_1,41,17.4189292,78.5415715,3.96
BLU_1,42,17.419259,78.5412315,4.01
BLU_1,43,17.419618,78.5409371,4.06
BLU_1,44,17.4199819,78.5406779,4.11
BLU_1,45,17.4205198,78.54029,4.18
BLU_1,46,17.4209688,78.5399442,4.24
BLU_1,47,17.4211429,78.5397633,4.27
BLU_1,48,17.4212964,78.5395556,4.3
BLU_1,49,17.4218073,78.5388331,4.4
BLU_1,50,17.4223539,78.5381027,4.5
BLU_1,51,17.4225898,78.5378503,4.54
BLU_1,52,17.4229572,78.5375387,4.59
BLU_1,53,17.4236598,78.5369454,4.69
BLU_1,54,17.4243649,78.5362669,4.8
BLU_1,55,17.4246067,78.5359365,4.84
BLU_1,56,17.4247678,78.535608,4.88
BLU_1,57,17.4248821,78.5352541,4.92
BLU_1,58,17.4249478,78.5348788,4.96
BLU_1,59,17.4250945,78.5340664,5.05
BLU_1,60,17.4252232,78.5335334,5.11
BLU_1,61,17.4253605,78.5331184,5.16
BLU_1,62,17.4257066,78.5323185,5.25
BLU_1,63,17.4259861,78.5318056,5.31
BLU_1,64,17.4262432,78.5314289,5.36
BLU_1,65,17.4270556,78.5304539,5.5
BLU_1,66,17.427419,78.529992,5.56
BLU_1,67,17.4276524,78.5296768,5.6
BLU_1,68,17.4278295,78.5294153,5.63
BLU_1,69,17.4280609,78.5289406,5.69
BLU_1,70,17.4287878,78.5273311,5.88
BLU_1,71,17.4289693,78.5270028,5.92
BLU_1,72,17.4292539,78.5266496,5.97
BLU_1,73,17.4297816,78.5260657,6.06
BLU_1,74,17.4304107,78.5254158,6.16
BLU_1,75,17.4307248,78.525075,6.21
BLU_1,76,17.4318365,78.5237951,6.39
BLU_1,77,17.4327207,78.5227443,6.54
BLU_1,78,17.433628,78.52168,6.69
BLU_1,79,17.4345513,78.5206845,6.84
BLU_1,80,17.4354489,78.519646,6.99
BLU_1,81,17.4364172,78.5185258,7.15
BLU_1,82,17.4366148,78.5183026,7.18
BLU_1,83,17.4367715,78.5180848,7.21
BLU_1,84,17.4369108,78.5178396,7.24
BLU_1,85,17.4369913,78.5175534,7.27
BLU_1,86,17.4370052,78.5173371,7.29
BLU_1,87,17.4369972,78.517135,7.31
BLU_1,88,17.4369631,78.5169294,7.33
BLU_1,89,17.4368727,78.5166728,7.36
BLU_1,90,17.4367382,78.5164313,7.39
BLU_1,91,17.4363658,78.5158866,7.46
BLU_1,92,17.4358358,78.5151138,7.56
BLU_1,93,17.4355589,78.5146518,7.62
BLU_1,94,17.4350033,78.5135007,7.76
BLU_1,95,17.434686,78.5125941,7.86
BLU_1,96,17.4345216,78.5121128,7.91
BLU_1,97,17.4343495,78.5117334,7.95
BLU_1,98,17.4339131,78.5109746,8.04
BLU_1,99,17.4336675,78.5105427,8.09
BLU_1,100,17.4335165,78.510143,8.14
BLU_1,101,17.4334321,78.5098587,8.17
BLU_1,102,17.4333836,78.5095529,8.2
BLU_1,103,17.433353,78.50907,8.25
BLU_1,104,17.4332561,78.5076274,8.4
BLU_1,105,17.4332034,78.507013,8.47
BLU_1,106,17.433217,78.5067932,8.49
BLU_1,107,17.4332696,78.506581,8.51
BLU_1,108,17.4333515,78.5063671,8.53
BLU_1,109,17.4334668,78.5062145,8.55
BLU_1,110,17.4336886,78.5059909,8.58
BLU_1,111,17.4338544,78.5058891,8.6
BLU_1,112,17.4342576,78.505769,8.65
BLU_1,113,17.4346382,78.5056747,8.69
BLU_1,114,17.4349406,78.5055941,8.72
BLU_1,115,17.435711,78.505433,8.81
BLU_1,116,17.436356,78.505246,8.88
BLU_1,117,17.436778,78.50512,8.93
BLU_1,118,17.437026,78.505012,8.96
BLU_1,119,17.437505,78.504791,9.02
BLU_1,120,17.43772,78.504731,9.04
BLU_1,121,17.437914,78.504709,9.06
BLU_1,122,17.438093,78.504715,9.08
BLU_1,123,17.438286,78.504752,9.1
BLU_1,124,17.440639,78.505388,9.37
BLU_1,125,17.441015,78.505471,9.41
BLU_1,126,17.441228,78.505484,9.43
BLU_1,127,17.44141,78.505455,9.45
BLU_1,128,17.441596,78.505408,9.47
BLU_1,129,17.441726,78.505365,9.49
BLU_1,130,17.441892,78.505288,9.51
BLU_1,131,17.44208,78.505136,9.54
BLU_1,132,17.442244,78.504943,9.57
BLU_1,133,17.442405,78.504697,9.6
BLU_1,134,17.442569,78.504422,9.63
BLU_1,135,17.442656,78.504181,9.66
BLU_1,136,17.442709,78.503985,9.68
BLU_1,137,17.442748,78.503752,9.71
BLU_1,138,17.442764,78.503519,9.73
BLU_1,139,17.442781,78.502057,9.89
BLU_1,140,17.442796,78.501713,9.93
BLU_1,141,17.442831,78.501385,9.97
BLU_1,142,17.442967,78.500712,10.04
BLU_1,143,17.443013,78.500465,10.07
BLU_1,144,17.443041,78.500186,10.1
BLU_1,145,17.443192,78.497472,10.39
BLU_1,146,17.443246,78.495433,10.61
BLU_1,147,17.4433888,78.4905864,11.12
BLU_1,148,17.4434262,78.4893738,11.25
BLU_1,149,17.4434533,78.4882336,11.37
BLU_1,150,17.4434411,78.4869993,11.5
BLU_1,151,17.4434612,78.4853684,11.67
BLU_1,152,17.4434941,78.483706,11.85
BLU_1,153,17.4434967,78.4834274,11.88
BLU_1,154,17.4434806,78.4831336,11.91
BLU_1,155,17.4434277,78.4825048,11.98
BLU_1,156,17.4434148,78.4822242,12.01
BLU_1,157,17.4434224,78.4818604,12.05
BLU_1,158,17.443453,78.480634,12.18
BLU_1,159,17.44345,78.479498,12.3
BLU_1,160,17.443455,78.479147,12.34
BLU_1,161,17.443602,78.476053,12.67
BLU_1,162,17.444225,78.472923,13.01
BLU_1,163,17.444241,78.470853,13.23
BLU_1,164,17.444759,78.467182,13.62
BLU_1,165,17.444756,78.466748,13.67
BLU_1,166,17.444878,78.466059,13.74
BLU_1,167,17.445038,78.465045,13.85
BLU_1,168,17.445073,78.464604,13.9
BLU_1,169,17.445046,78.464137,13.95
BLU_1,170,17.444886,78.463397,14.03
BLU_1,171,17.444739,78.462828,14.09
BLU_1,172,17.44444,78.461888,14.2
BLU_1,173,17.444051,78.460982,14.31
BLU_1,174,17.441948,78.458254,14.68
BLU_1,175,17.441631,78.45811,14.72
BLU_1,176,17.438466,78.457284,15.08
BLU_1,177,17.4380205,78.4571403,15.13
BLU_1,178,17.4375648,78.4569295,15.19
BLU_1,179,17.4371242,78.4567178,15.24
BLU_1,180,17.4364341,78.456364,15.33
BLU_1,181,17.4359091,78.4560597,15.4
BLU_1,182,17.4358399,78.4560098,15.41
BLU_1,183,17.4357425,78.4559117,15.43
BLU_1,184,17.435599,78.4557448,15.45
BLU_1,185,17.4355012,78.455559,15.47
BLU_1,186,17.4354265,78.4553518,15.49
BLU_1,187,17.4353965,78.4551888,15.51
BLU_1,188,17.4353819,78.4550204,15.53
BLU_1,189,17.4353911,78.4548902,15.54
BLU_1,190,17.4354258,78.454744,15.56
BLU_1,191,17.4357035,78.4540061,15.64
BLU_1,192,17.4359209,78.4534116,15.71
BLU_1,193,17.4359838,78.4532004,15.73
BLU_1,194,17.4360223,78.4529946,15.75
BLU_1,195,17.4360279,78.4528126,15.77
BLU_1,196,17.4360077,78.4526701,15.79
BLU_1,197,17.4359709,78.4525423,15.8
BLU_1,198,17.4359188,78.4524231,15.81
BLU_1,199,17.4358592,78.4523092,15.82
BLU_1,200,17.4357752,78.4521605,15.84
BLU_1,201,17.4356631,78.4520212,15.86
BLU_1,202,17.4354298,78.4518445,15.89
BLU_1,203,17.4353375,78.4517635,15.9
BLU_1,204,17.4352554,78.4516637,15.91
BLU_1,205,17.4351841,78.4515655,15.92
BLU_1,206,17.4351204,78.4514592,15.93
BLU_1,207,17.4350618,78.4513542,15.94
BLU_1,208,17.4350212,78.4512332,15.95
BLU_1,209,17.4349878,78.4511001,15.96
BLU_1,210,17.4348851,78.4504253,16.03
BLU_1,211,17.434657,78.4495447,16.13
BLU_1,212,17.4345916,78.4492225,16.16
BLU_1,213,17.4345492,78.4488977,16.19
BLU_1,214,17.434472,78.4482426,16.26
BLU_1,215,17.4344294,78.4477984,16.31
BLU_1,216,17.434383,78.447271,16.37
BLU_1,217,17.4343497,78.4470122,16.4
BLU_1,218,17.4342857,78.4467373,16.43
BLU_1,219,17.4341641,78.4463913,16.47
BLU_1,220,17.4341321,78.4462035,16.49
BLU_1,221,17.4341371,78.4458952,16.52
BLU_1,222,17.4341984,78.4456298,16.55
BLU_1,223,17.4343257,78.4453538,16.58
BLU_1,224,17.4344085,78.4452266,16.6
BLU_1,225,17.4345501,78.4450993,16.62
BLU_1,226,17.4348761,78.4448853,16.66
BLU_1,227,17.4356613,78.4444144,16.76
