shape_id,shape_pt_lat,shape_pt_lon,shape_dist_traveled,shape_pt_sequence
R1_0,10.110608860405783,76.34918872659786,0.0,1
R1_0,10.110250193435004,76.34934604853134,0.04,2
R1_0,10.1099,76.3495,0.08,3
R1_0,10.109410585097017,76.34961929188948,0.14,4
R1_0,10.109003007442977,76.34971865311061,0.19,5
R1_0,10.107845484086933,76.3499587760617,0.32,6
R1_0,10.107079233938267,76.35008297758814,0.41000000000000003,7
R1_0,10.106533075802389,76.35014921840224,0.47000000000000003,8
R1_0,10.105848338918063,76.35015749850399,0.55,9
R1_0,10.105114690637768,76.35012437809694,0.63,10
R1_0,10.104462557427555,76.35004157707932,0.7,11
R1_0,10.103875636407402,76.3499173755529,0.77,12
R1_0,10.103101225088661,76.34967725260182,0.86,13
R1_0,10.102269749807036,76.34934604853134,0.96,14
R1_0,10.101666521296314,76.34898793413015,1.04,15
R1_0,10.10058233748009,76.34822616476806,1.19,16
R1_0,10.100142141504032,76.34794464130816,1.25,17
R1_0,10.099155774259282,76.34742299489717,1.37,18
R1_0,10.098788942694194,76.34724704273474,1.4200000000000002,19
R1_0,10.097981911778632,76.3469737993766,1.5100000000000002,20
R1_0,10.097101512107363,76.34679991723961,1.6100000000000003,21
R1_0,10.096172198729745,76.34671711622198,1.7100000000000004,22
R1_0,10.095454832181671,76.34665087540789,1.7900000000000005,23
R1_0,10.0951,76.3466,1.8300000000000005,24
R1_0,10.094631489058944,76.34651011367795,1.8800000000000006,25
R1_0,10.093954878777392,76.34632795143918,1.9600000000000006,26
R1_0,10.09318859553606,76.3460774783609,2.0500000000000007,27
R1_0,10.092463070360308,76.34577939469747,2.1400000000000006,28
R1_0,10.090449525632145,76.3446698610614,2.3900000000000006,29
R1_0,10.089267479338519,76.34397433251341,2.5400000000000005,30
R1_0,10.08842781623194,76.34349305159851,2.6500000000000004,31
R1_0,10.087954995266635,76.3432115281386,2.7100000000000004,32
R1_0,10.0873,76.3428,2.8000000000000003,33
R1_0,10.086895221615906,76.34260190564639,2.85,34
R1_0,10.08622267114428,76.34221688091448,2.94,35
R1_0,10.084457728986427,76.34119532335961,3.17,36
R1_0,10.083104464246922,76.34042941394667,3.34,37
R1_0,10.081873477529253,76.33984152672157,3.4899999999999998,38
R1_0,10.081099013277115,76.33954344305815,3.5799999999999996,39
R1_0,10.08030263789797,76.3392648952598,3.6699999999999995,40
R1_0,10.0793,76.3389,3.7899999999999996,41
R1_0,10.077922161821723,76.33838616946036,3.9499999999999997,42
R1_0,10.077306659154111,76.33810464600047,4.029999999999999,43
R1_0,10.076923497959617,76.33783761271864,4.079999999999999,44
R1_0,10.076577022019373,76.33752296885172,4.129999999999999,45
R1_0,10.07615309800953,76.3370251277333,4.199999999999999,46
R1_0,10.07491800853431,76.33575827216379,4.3999999999999995,47
R1_0,10.073430188198621,76.33426992387216,4.63,48
R1_0,10.0727,76.3336,4.74,49
R1_0,10.07144505832319,76.33263149873608,4.92,50
R1_0,10.069822704918261,76.33098996856185,5.17,51
R1_0,10.06892184686672,76.33007294729175,5.31,52
R1_0,10.068216648537405,76.32944365955788,5.409999999999999,53
R1_0,10.067678577099308,76.32899860408818,5.489999999999999,54
R1_0,10.06583200693271,76.32796980144431,5.72,55
R1_0,10.064397137169466,76.32697618923294,5.91,56
R1_0,10.063223148073885,76.32591633620746,6.08,57
R1_0,10.062277431531228,76.32445903829742,6.2700000000000005,58
R1_0,10.061429545379392,76.32339918527194,6.420000000000001,59
R1_0,10.060646879263217,76.32276989753807,6.530000000000001,60
R1_0,10.059375042778887,76.32227309143236,6.6800000000000015,61
R1_0,10.0586,76.322,6.770000000000001,62
R1_0,10.057630335864618,76.32161068329144,6.8900000000000015,63
R1_0,10.055135551663975,76.3212132384069,7.170000000000002,64
R1_0,10.053064703089197,76.32024860655166,7.420000000000002,65
R1_0,10.05109167753654,76.31950339739313,7.650000000000002,66
R1_0,10.0467,76.3182,8.160000000000002,67
R1_0,10.04068825279645,76.31633625846933,8.860000000000001,68
R1_0,10.0361,76.3144,9.410000000000002,69
R1_0,10.032534864816691,76.3126184927784,9.850000000000001,70
R1_0,10.02640338182592,76.30900836841036,10.64,71
R1_0,10.0251,76.3083,10.8,72
R1_0,10.01943910589762,76.30497457883551,11.530000000000001,73
R1_0,10.018132638905785,76.30376580943441,11.73,74
R1_0,10.016942297731514,76.30276341529691,11.9,75
R1_0,10.016332609096933,76.30238014695023,11.98,76
R1_0,10.0152,76.3023,12.110000000000001,77
R1_0,10.014300305372988,76.30220325386713,12.21,78
R1_0,10.009625958503708,76.30358891635133,12.75,79
R1_0,10.0064,76.3048,13.13,80
R1_0,10.005038645826346,76.30510724864781,13.290000000000001,81
R1_0,10.004530553410598,76.30510724864781,13.350000000000001,82
R1_0,10.003369196332768,76.30470923921088,13.490000000000002,83
R1_0,10.001932011200497,76.30354469308054,13.690000000000001,84
R1_0,10.001714255322778,76.30317616582411,13.740000000000002,85
R1_0,10.001517548873277,76.30243668515558,13.820000000000002,86
R1_0,10.001119841466005,76.300449771081,14.040000000000003,87
R1_0,10.000913033421826,76.29998131166504,14.100000000000003,88
R1_0,10.0002,76.2989,14.240000000000004,89
R1_0,9.999529006968833,76.29778843698517,14.380000000000004,90
R1_0,9.998741541011,76.29686767192622,14.510000000000005,91
R1_0,9.997333642573508,76.29517960265149,14.750000000000005,92
R1_0,9.996601851146377,76.29422653004659,14.880000000000006,93
R1_0,9.995416663709888,76.2926030758637,15.100000000000007,94
R1_0,9.9943,76.2914,15.280000000000006,95
R1_0,9.992680375541934,76.28986904978954,15.530000000000006,96
R1_0,9.991837212337712,76.28896847694678,15.670000000000007,97
R1_0,9.9914,76.2884,15.750000000000007,98
R1_0,9.990858822105993,76.28769232888261,15.850000000000007,99
R1_0,9.990707688393123,76.28752271426649,15.880000000000006,100
R1_0,9.989530433909946,76.2866665642994,16.040000000000006,101
R1_0,9.988297493903806,76.28595579828898,16.200000000000006,102
R1_0,9.98783613450657,76.28557618462433,16.270000000000007,103
R1_0,9.987462273825471,76.28523695539208,16.330000000000005,104
R1_0,9.987199775643736,76.28493811059225,16.370000000000005,105
R1_0,9.986690687657338,76.28420311392236,16.470000000000006,106
R1_0,9.986300916629386,76.28328638730667,16.580000000000005,107
R1_0,9.98614182627972,76.2828663892096,16.630000000000006,108
R1_0,9.985935008708877,76.28251100620437,16.680000000000007,109
R1_0,9.985664554764059,76.28226062272343,16.720000000000006,110
R1_0,9.985402055132067,76.28209908499379,16.750000000000007,111
R1_0,9.985075918930699,76.28199408546953,16.790000000000006,112
R1_0,9.984654327747034,76.28196985481007,16.840000000000007,113
R1_0,9.984375918175399,76.28201831612898,16.870000000000008,114
R1_0,9.9834,76.2823,16.980000000000008,115
R1_0,9.98173499268099,76.28290677364201,17.180000000000007,116
R1_0,9.979615207824892,76.28328254771993,17.420000000000005,117
R1_0,9.978780194386482,76.2834682550632,17.520000000000007,118
R1_0,9.976907355778346,76.28413160412475,17.740000000000006,119
R1_0,9.975295834867703,76.28458857792273,17.930000000000007,120
R1_0,9.9732,76.2851,18.170000000000005,121
R1_1,9.9732,76.2851,0.0,1
R1_1,9.975295834867703,76.28458857792273,0.24,2
R1_1,9.976907355778346,76.28413160412475,0.43,3
R1_1,9.978780194386482,76.2834682550632,0.65,4
R1_1,9.979615207824892,76.28328254771993,0.75,5
R1_1,9.98173499268099,76.28290677364201,0.99,6
R1_1,9.9834,76.2823,1.19,7
R1_1,9.984375918175399,76.28201831612898,1.3,8
R1_1,9.984654327747034,76.28196985481007,1.33,9
R1_1,9.985075918930699,76.28199408546953,1.38,10
R1_1,9.985402055132067,76.28209908499379,1.42,11
R1_1,9.985664554764059,76.28226062272343,1.45,12
R1_1,9.985935008708877,76.28251100620437,1.49,13
R1_1,9.98614182627972,76.2828663892096,1.54,14
R1_1,9.986300916629386,76.28328638730667,1.59,15
R1_1,9.986690687657338,76.28420311392236,1.7,16
R1_1,9.987199775643736,76.28493811059225,1.8,17
R1_1,9.987462273825471,76.28523695539208,1.84,18
R1_1,9.98783613450657,76.28557618462433,1.9,19
R1_1,9.988297493903806,76.28595579828898,1.97,20
R1_1,9.989530433909946,76.2866665642994,2.13,21
R1_1,9.990707688393123,76.28752271426649,2.29,22
R1_1,9.990858822105993,76.28769232888261,2.32,23
R1_1,9.9914,76.2884,2.42,24
R1_1,9.991837212337712,76.28896847694678,2.5,25
R1_1,9.992680375541934,76.28986904978954,2.64,26
R1_1,9.9943,76.2914,2.89,27
R1_1,9.995416663709888,76.2926030758637,3.07,28
R1_1,9.996601851146377,76.29422653004659,3.29,29
R1_1,9.997333642573508,76.29517960265149,3.42,30
R1_1,9.998741541011,76.29686767192622,3.66,31
R1_1,9.999529006968833,76.29778843698517,3.79,32
R1_1,10.0002,76.2989,3.93,33
R1_1,10.000913033421826,76.29998131166504,4.07,34
R1_1,10.001119841466005,76.300449771081,4.13,35
R1_1,10.001517548873277,76.30243668515558,4.35,36
R1_1,10.001714255322778,76.30317616582411,4.43,37
R1_1,10.001932011200497,76.30354469308054,4.48,38
R1_1,10.003369196332768,76.30470923921088,4.68,39
R1_1,10.004530553410598,76.30510724864781,4.82,40
R1_1,10.005038645826346,76.30510724864781,4.88,41
R1_1,10.0064,76.3048,5.04,42
R1_1,10.009625958503708,76.30358891635133,5.42,43
R1_1,10.014300305372988,76.30220325386713,5.96,44
R1_1,10.0152,76.3023,6.06,45
R1_1,10.016332609096933,76.30238014695023,6.19,46
R1_1,10.016942297731514,76.30276341529691,6.27,47
R1_1,10.018132638905785,76.30376580943441,6.44,48
R1_1,10.01943910589762,76.30497457883551,6.64,49
R1_1,10.0251,76.3083,7.37,50
R1_1,10.02640338182592,76.30900836841036,7.53,51
R1_1,10.032534864816691,76.3126184927784,8.32,52
R1_1,10.0361,76.3144,8.76,53
R1_1,10.04068825279645,76.31633625846933,9.31,54
R1_1,10.0467,76.3182,10.01,55
R1_1,10.05109167753654,76.31950339739313,10.52,56
R1_1,10.053064703089197,76.32024860655166,10.75,57
R1_1,10.055135551663975,76.3212132384069,11.0,58
R1_1,10.057630335864618,76.32161068329144,11.28,59
R1_1,10.0586,76.322,11.4,60
R1_1,10.059375042778887,76.32227309143236,11.49,61
R1_1,10.060646879263217,76.32276989753807,11.64,62
R1_1,10.061429545379392,76.32339918527194,11.75,63
R1_1,10.062277431531228,76.32445903829742,11.9,64
R1_1,10.063223148073885,76.32591633620746,12.09,65
R1_1,10.064397137169466,76.32697618923294,12.26,66
R1_1,10.06583200693271,76.32796980144431,12.45,67
R1_1,10.067678577099308,76.32899860408818,12.68,68
R1_1,10.068216648537405,76.32944365955788,12.76,69
R1_1,10.06892184686672,76.33007294729175,12.86,70
R1_1,10.069822704918261,76.33098996856185,13.0,71
R1_1,10.07144505832319,76.33263149873608,13.25,72
R1_1,10.0727,76.3336,13.43,73
R1_1,10.073430188198621,76.33426992387216,13.54,74
R1_1,10.07491800853431,76.33575827216379,13.77,75
R1_1,10.07615309800953,76.3370251277333,13.97,76
R1_1,10.076577022019373,76.33752296885172,14.04,77
R1_1,10.076923497959617,76.33783761271864,14.09,78
R1_1,10.077306659154111,76.33810464600047,14.14,79
R1_1,10.077922161821723,76.33838616946036,14.22,80
R1_1,10.0793,76.3389,14.38,81
R1_1,10.08030263789797,76.3392648952598,14.5,82
R1_1,10.081099013277115,76.33954344305815,14.59,83
R1_1,10.081873477529253,76.33984152672157,14.68,84
R1_1,10.083104464246922,76.34042941394667,14.83,85
R1_1,10.084457728986427,76.34119532335961,15.0,86
R1_1,10.08622267114428,76.34221688091448,15.23,87
R1_1,10.086895221615906,76.34260190564639,15.32,88
R1_1,10.0873,76.3428,15.37,89
R1_1,10.087954995266635,76.3432115281386,15.46,90
R1_1,10.08842781623194,76.34349305159851,15.52,91
R1_1,10.089267479338519,76.34397433251341,15.63,92
R1_1,10.090449525632145,76.3446698610614,15.78,93
R1_1,10.092463070360308,76.34577939469747,16.03,94
R1_1,10.09318859553606,76.3460774783609,16.12,95
R1_1,10.093954878777392,76.34632795143918,16.21,96
R1_1,10.094631489058944,76.34651011367795,16.29,97
R1_1,10.0951,76.3466,16.34,98
R1_1,10.095454832181671,76.34665087540789,16.38,99
R1_1,10.096172198729745,76.34671711622198,16.46,100
R1_1,10.097101512107363,76.34679991723961,16.56,101
R1_1,10.097981911778632,76.3469737993766,16.66,102
R1_1,10.098788942694194,76.34724704273474,16.75,103
R1_1,10.099155774259282,76.34742299489717,16.8,104
R1_1,10.100142141504032,76.34794464130816,16.92,105
R1_1,10.10058233748009,76.34822616476806,16.98,106
R1_1,10.101666521296314,76.34898793413015,17.13,107
R1_1,10.102269749807036,76.34934604853134,17.21,108
R1_1,10.103101225088661,76.34967725260182,17.31,109
R1_1,10.103875636407402,76.3499173755529,17.4,110
R1_1,10.104462557427555,76.35004157707932,17.47,111
R1_1,10.105114690637768,76.35012437809694,17.54,112
R1_1,10.105848338918063,76.35015749850399,17.62,113
R1_1,10.106533075802389,76.35014921840224,17.7,114
R1_1,10.107079233938267,76.35008297758814,17.76,115
R1_1,10.107845484086933,76.3499587760617,17.85,116
R1_1,10.109003007442977,76.34971865311061,17.98,117
R1_1,10.109410585097017,76.34961929188948,18.03,118
R1_1,10.1099,76.3495,18.09,119
R1_1,10.110250193435004,76.34934604853134,18.13,120
R1_1,10.110608860405783,76.34918872659786,18.17,121
